1540.0 -57.1878662
1540.1 -58.0169481
1540.2 -59.1320742
1540.3 -59.2579719
1540.4 -59.7623998
1540.5 -58.5794504
1540.6 -56.781112
1540.7 -56.6166833
1540.8 -58.0685121
1540.9 -58.1995365
1541.0 -62.4488959
1541.1 -69.5905475
1541.2 -64.9537054
1541.3 -57.0602492
1541.4 -54.6047361
1541.5 -52.5374019
1541.6 -50.0335127
1541.7 -48.9898115
1541.8 -47.9333205
1541.9 -47.6406575
1542.0 -47.4444935
1542.1 -47.5942548
1542.2 -48.1459553
1542.3 -50.0849504
1542.4 -52.3083438
1542.5 -56.5041329
1542.6 -67.2171438
1542.7 -63.1337372
1542.8 -57.1583382
1542.9 -53.8324956
1543.0 -51.7695328
1543.1 -51.0323211
1543.2 -50.0947099
1543.3 -49.7714368
1543.4 -49.0529771
1543.5 -49.2378548
1543.6 -48.3752471
1543.7 -48.6283782
1543.8 -48.5791515
1543.9 -49.8462323
1544.0 -50.7900737
1544.1 -53.5590766
1544.2 -57.1951034
1544.3 -59.4917398
1544.4 -57.7636918
1544.5 -53.5421384
1544.6 -51.4132065
1544.7 -50.5751021
1544.8 -49.2886357
1544.9 -49.5724391
1545.0 -50.2882853
1545.1 -51.5330717
1545.2 -52.444712
1545.3 -54.3844521
1545.4 -57.0512923
1545.5 -57.0005061
1545.6 -61.8271765
1545.7 -63.624771
1545.8 -61.9321039
1545.9 -59.43379
1546.0 -57.281341
1546.1 -56.3252044
1546.2 -56.6604911
1546.3 -58.0102547
1546.4 -60.7536369
1546.5 -61.2455908
1546.6 -61.4240736
1546.7 -59.2730903
1546.8 -56.1574647
1546.9 -55.3577096
1547.0 -53.7493089
1547.1 -54.0244249
1547.2 -52.499237
1547.3 -53.1889768
1547.4 -52.3757152
1547.5 -53.1846451
1547.6 -54.1524803
1547.7 -56.3221676
1547.8 -60.9657646
1547.9 -70.2952712
1548.0 -62.003689
1548.1 -55.4874388
1548.2 -52.0359728
1548.3 -50.333365
1548.4 -48.8961941
1548.5 -48.4266458
1548.6 -48.6243462
1548.7 -49.247331
1548.8 -50.4370596
1548.9 -52.5337037
1549.0 -55.643369
1549.1 -56.6345004
1549.2 -59.0754223
1549.3 -57.2084534
1549.4 -55.2547771
1549.5 -52.7560958
1549.6 -50.4155513
1549.7 -48.2263429
1549.8 -46.3101483
1549.9 -44.7589925
1550.0 -43.1869897
1550.1 -41.7688689
1550.2 -39.8513182
1550.3 -38.2416675
1550.4 -37.00607
1550.5 -35.8608714
1550.6 -34.8664076
1550.7 -34.640254
1550.8 -34.3579244
1550.9 -35.0045965
1551.0 -35.7817075
1551.1 -37.4692485
1551.2 -39.2062235
1551.3 -41.1667516
1551.4 -43.1117978
1551.5 -45.7318401
1551.6 -48.7561763
1551.7 -52.5022035
1551.8 -57.1597894
1551.9 -62.2882374
1552.0 -66.258542
1552.1 -65.7370819
1552.2 -64.0593307
1552.3 -60.4138748
1552.4 -58.898146
1552.5 -56.1852485
1552.6 -55.5299704
1552.7 -54.5382394
1552.8 -54.565649
1552.9 -54.6771617
1553.0 -54.590611
1553.1 -55.2606069
1553.2 -55.1632348
1553.3 -56.0004816
1553.4 -56.2694802
1553.5 -56.8100552
1553.6 -58.7096292
1553.7 -60.2756265
1553.8 -63.6193357
1553.9 -64.1960763
1554.0 -62.8074591
1554.1 -59.1709069
1554.2 -58.0106433
1554.3 -56.5909998
1554.4 -55.6810445
1554.5 -55.1013519
1554.6 -56.312701
1554.7 -58.0403225
1554.8 -60.45287
1554.9 -63.380877
1555.0 -65.2300666
1555.1 -67.5751194
1555.2 -66.4644103
1555.3 -66.6414095
1555.4 -65.9509869
1555.5 -65.4985958
1555.6 -67.3585595
1555.7 -66.5347002
1555.8 -68.4297538
1555.9 -68.2089262
1556.0 -66.8879335
1556.1 -66.4482737
1556.2 -68.3982672
1556.3 -67.9621252
1556.4 -69.5330212
1556.5 -69.1740954
1556.6 -70.6034484
1556.7 -71.9394947
1556.8 -75.0947512
1556.9 -77.8527269
1557.0 -71.256721
1557.1 -70.5520058
1557.2 -67.9828468
1557.3 -65.722822
1557.4 -64.7045978
1557.5 -63.9865595
1557.6 -63.2672735
1557.7 -63.9209937
1557.8 -64.1895657
1557.9 -65.2735017
1558.0 -67.2738273
1558.1 -69.254796
1558.2 -73.4241907
1558.3 -76.5191818
1558.4 -79.0360093
1558.5 -78.5859513
1558.6 -76.3000296
1558.7 -75.7669586
1558.8 -77.2702925
1558.9 -77.6733909
1559.0 -75.8235673
1559.1 -75.069842
1559.2 -74.124033
1559.3 -74.3578143
1559.4 -73.8006543
1559.5 -72.2548037
1559.6 -71.2004767
1559.7 -70.0795667
1559.8 -70.3354655
1559.9 -72.3902746
1560.0 -74.9891461
1560.1 -78.92101
1560.2 -77.6215551
1560.3 -72.0310376
1560.4 -68.5786931
1560.5 -65.6315986
1560.6 -64.7525055
1560.7 -64.2322612
1560.8 -63.9773526
1560.9 -64.0018709
1561.0 -65.711463
1561.1 -66.8582325
1561.2 -68.6738937
1561.3 -71.7586741
1561.4 -71.2066114
1561.5 -74.771204
1561.6 -72.0496244
1561.7 -70.4258804
1561.8 -69.2042254
1561.9 -67.0781907
1562.0 -66.0387472
1562.1 -67.4015297
1562.2 -69.2709251
1562.3 -71.2132515
1562.4 -72.1543779
1562.5 -68.6413159
1562.6 -67.2720908
1562.7 -63.9281299
1562.8 -63.2116307
1562.9 -61.1035942
1563.0 -60.5716357
1563.1 -60.6498196
1563.2 -61.0453663
1563.3 -61.9617569
1563.4 -62.0488918
1563.5 -60.9867603
1563.6 -62.7228847
1563.7 -66.8415892
1563.8 -78.1588671
1563.9 -64.6345962
1564.0 -59.6019767
1564.1 -56.5163705
1564.2 -54.5611345
1564.3 -53.7066299
1564.4 -53.0070232
1564.5 -53.7102034
1564.6 -53.9953338
1564.7 -55.3468201
1564.8 -57.122239
1564.9 -59.5501316
1565.0 -62.5974873
1565.1 -64.3663283
1565.2 -62.8724877
1565.3 -59.7100094
1565.4 -56.4211545
1565.5 -53.6743928
1565.6 -51.3550565
1565.7 -49.1992687
1565.8 -47.4750492
1565.9 -45.7364312
1566.0 -44.0836583
1566.1 -42.2989526
1566.2 -40.5401611
1566.3 -39.1261503
1566.4 -37.3939956
1566.5 -36.4739079
1566.6 -35.5390205
1566.7 -35.4977336
1566.8 -35.4967758
1566.9 -36.0166554
1567.0 -36.8383111
1567.1 -38.2461923
1567.2 -39.7631805
1567.3 -41.7897443
1567.4 -43.7767091
1567.5 -46.5546301
1567.6 -49.4994007
1567.7 -53.2124806
1567.8 -58.0794748
1567.9 -61.7583513
1568.0 -65.365973
1568.1 -62.6828539
1568.2 -60.4447976
1568.3 -57.421702
1568.4 -56.51227
1568.5 -53.4081858
1568.6 -52.3718353
1568.7 -50.9541978
1568.8 -51.0049021
1568.9 -50.1510364
1569.0 -50.6738659
1569.1 -50.5363957
1569.2 -50.7151741
1569.3 -51.0610898
1569.4 -51.8923722
1569.5 -52.1578835
1569.6 -53.5266027
1569.7 -55.8813047
1569.8 -59.5677548
1569.9 -61.513554
1570.0 -59.5335516
