1540.0 -51.3133786
1540.1 -49.6350909
1540.2 -49.1130734
1540.3 -49.0739924
1540.4 -49.7553398
1540.5 -51.3814408
1540.6 -52.4035413
1540.7 -54.9191013
1540.8 -57.152284
1540.9 -57.8302102
1541.0 -60.8651203
1541.1 -60.1854371
1541.2 -59.7527874
1541.3 -58.2795095
1541.4 -56.8561509
1541.5 -56.3482527
1541.6 -56.4624056
1541.7 -58.1436637
1541.8 -60.8023229
1541.9 -63.8003656
1542.0 -60.0216127
1542.1 -57.4604003
1542.2 -54.5782716
1542.3 -53.6772871
1542.4 -52.8059622
1542.5 -52.2662419
1542.6 -51.8941483
1542.7 -52.4162605
1542.8 -52.0994872
1542.9 -53.2324124
1543.0 -54.8112697
1543.1 -58.4738715
1543.2 -63.5461856
1543.3 -63.4074274
1543.4 -57.0222149
1543.5 -52.7874361
1543.6 -50.7602516
1543.7 -48.8321859
1543.8 -47.8787903
1543.9 -47.6435632
1544.0 -48.3343326
1544.1 -48.4696157
1544.2 -50.1026686
1544.3 -52.6577295
1544.4 -53.8205339
1544.5 -56.3088506
1544.6 -57.7285622
1544.7 -55.5013814
1544.8 -52.7980944
1544.9 -51.037261
1545.0 -48.8774167
1545.1 -47.3507076
1545.2 -45.4659224
1545.3 -44.0210552
1545.4 -42.0982501
1545.5 -40.3575663
1545.6 -38.6039143
1545.7 -36.8949582
1545.8 -35.5085342
1545.9 -34.5974735
1546.0 -33.6487412
1546.1 -33.3992154
1546.2 -33.5967583
1546.3 -34.4334144
1546.4 -35.4639311
1546.5 -37.0939465
1546.6 -38.8464682
1546.7 -40.8658517
1546.8 -43.2485448
1546.9 -45.8119496
1547.0 -49.4581911
1547.1 -53.1247225
1547.2 -57.2563947
1547.3 -61.9107056
1547.4 -62.8190101
1547.5 -62.0028155
1547.6 -60.6753627
1547.7 -58.2555724
1547.8 -56.2990662
1547.9 -54.9099701
1548.0 -53.5137622
1548.1 -52.48468
1548.2 -52.33521
1548.3 -51.7961769
1548.4 -52.2623648
1548.5 -52.9852978
1548.6 -53.2761945
1548.7 -54.3278265
1548.8 -54.7803711
1548.9 -56.6868211
1549.0 -57.1724982
1549.1 -60.1533537
1549.2 -61.7897624
1549.3 -62.2159816
1549.4 -58.8966617
1549.5 -56.6105793
1549.6 -54.5517177
1549.7 -53.5959142
1549.8 -53.0657643
1549.9 -53.2076632
1550.0 -54.6598315
1550.1 -55.7619331
1550.2 -58.2245009
1550.3 -60.8998014
1550.4 -62.9835852
1550.5 -64.6402364
1550.6 -62.4367069
1550.7 -63.0724903
1550.8 -61.9295971
1550.9 -61.8237544
1551.0 -62.6114307
1551.1 -62.188904
1551.2 -62.8984626
1551.3 -64.3641768
1551.4 -65.0223344
1551.5 -65.6931308
1551.6 -63.1886995
1551.7 -61.8309057
1551.8 -62.6614764
1551.9 -62.6313512
1552.0 -65.758695
1552.1 -68.0112459
1552.2 -73.6478841
1552.3 -68.8578655
1552.4 -62.8575961
1552.5 -60.2218575
1552.6 -57.9066571
1552.7 -55.984604
1552.8 -54.7096395
1552.9 -54.3256856
1553.0 -53.2558406
1553.1 -53.6098989
1553.2 -53.506942
1553.3 -54.2135927
1553.4 -55.1940608
1553.5 -58.2794731
1553.6 -61.0416368
1553.7 -67.9156961
1553.8 -72.2687663
1553.9 -63.0978436
1554.0 -61.404994
1554.1 -57.9680765
1554.2 -56.482245
1554.3 -56.4555099
1554.4 -55.9096598
1554.5 -55.1616879
1554.6 -54.58031
1554.7 -54.4873859
1554.8 -54.3174325
1554.9 -54.1766119
1555.0 -54.5275105
1555.1 -55.5235314
1555.2 -56.756833
1555.3 -59.2982533
1555.4 -63.8003081
1555.5 -63.010297
1555.6 -61.119661
1555.7 -57.5539254
1555.8 -55.7656836
1555.9 -53.9899549
1556.0 -54.1027781
1556.1 -53.1199139
1556.2 -54.7027785
1556.3 -55.4915098
1556.4 -56.96112
1556.5 -58.7123762
1556.6 -61.5988985
1556.7 -62.2726683
1556.8 -63.9293607
1556.9 -63.9041835
1557.0 -61.4620906
1557.1 -62.2749823
1557.2 -58.7496711
1557.3 -59.6689316
1557.4 -58.2848085
1557.5 -62.068694
1557.6 -63.451934
1557.7 -65.02081
1557.8 -63.2871607
1557.9 -61.3037355
1558.0 -57.5738743
1558.1 -57.1963265
1558.2 -55.2702442
1558.3 -54.4813558
1558.4 -54.4206028
1558.5 -54.5089886
1558.6 -53.6252889
1558.7 -54.5613237
1558.8 -55.431727
1558.9 -57.8391557
1559.0 -64.1259397
1559.1 -63.7977769
1559.2 -61.3523012
1559.3 -54.6348487
1559.4 -51.8133145
1559.5 -49.7517101
1559.6 -48.8372828
1559.7 -48.6145978
1559.8 -48.2157326
1559.9 -48.2576316
1560.0 -50.2662108
1560.1 -50.7366347
1560.2 -52.7339656
1560.3 -55.3353936
1560.4 -57.5085485
1560.5 -57.0191809
1560.6 -54.8655014
1560.7 -52.4606466
1560.8 -50.2075511
1560.9 -47.6171731
1561.0 -45.6995407
1561.1 -43.961433
1561.2 -42.3767503
1561.3 -40.6527125
1561.4 -38.6066361
1561.5 -36.5938248
1561.6 -34.8997702
1561.7 -33.3275493
1561.8 -32.2167396
1561.9 -31.4282499
1562.0 -31.1356328
1562.1 -31.4618956
1562.2 -31.7875887
1562.3 -32.7347602
1562.4 -34.3272439
1562.5 -35.9897445
1562.6 -37.5962159
1562.7 -39.9803075
1562.8 -42.4702444
1562.9 -45.4808608
1563.0 -49.4679649
1563.1 -53.9826901
1563.2 -58.0498372
1563.3 -59.7989921
1563.4 -58.7905691
1563.5 -56.7797288
1563.6 -54.5966521
1563.7 -52.6781631
1563.8 -50.3528527
1563.9 -49.292128
1564.0 -47.2470262
1564.1 -47.0537454
1564.2 -46.39545
1564.3 -46.762079
1564.4 -47.4119111
1564.5 -47.5804759
1564.6 -48.7078736
1564.7 -48.4914071
1564.8 -49.0457278
1564.9 -50.3638415
1565.0 -51.912451
1565.1 -54.8470413
1565.2 -56.6028133
1565.3 -55.1330776
1565.4 -51.5728783
1565.5 -49.0221438
1565.6 -46.9264425
1565.7 -45.837368
1565.8 -45.8628308
1565.9 -46.087599
1566.0 -46.9207146
1566.1 -48.5474388
1566.2 -50.6252866
1566.3 -52.8319336
1566.4 -55.7954471
1566.5 -55.4950335
1566.6 -55.1283729
1566.7 -55.3430728
1566.8 -54.3562144
1566.9 -54.4141096
1567.0 -54.0291261
1567.1 -54.2658196
1567.2 -55.1395646
1567.3 -55.8968314
1567.4 -56.8508736
1567.5 -55.7576596
1567.6 -53.698411
1567.7 -53.0504846
1567.8 -52.8337136
1567.9 -52.4927706
1568.0 -55.3893603
1568.1 -59.9032948
1568.2 -69.0482048
1568.3 -60.7234445
1568.4 -55.1532949
1568.5 -50.59085
1568.6 -48.1269126
1568.7 -46.4910768
1568.8 -45.1501169
1568.9 -44.0899292
1569.0 -43.9434472
1569.1 -43.1826101
1569.2 -43.5098528
1569.3 -43.7819285
1569.4 -45.1340392
1569.5 -46.5251119
1569.6 -49.8908502
1569.7 -54.2440602
1569.8 -64.6977286
1569.9 -63.2893815
1570.0 -52.4729467
