1545.0 -66.0829981
1545.2 -70.9692461
1545.4 -69.0301697
1545.6 -63.891139
1545.8 -60.6983365
1546.0 -60.7097682
1546.2 -63.3202905
1546.4 -66.7926898
1546.6 -65.043792
1546.8 -65.7687382
1547.0 -68.6889958
1547.2 -74.131741
1547.4 -78.5594839
1547.6 -67.5257322
1547.8 -61.0414679
1548.0 -59.0003944
1548.2 -58.4059554
1548.4 -59.8709332
1548.6 -65.9560256
1548.8 -73.4463497
1549.0 -81.1528655
1549.2 -82.3267909
1549.4 -77.5919787
1549.6 -75.5242277
1549.8 -67.102081
1550.0 -65.5239364
1550.2 -61.5309471
1550.4 -59.9948853
1550.6 -64.4343506
1550.8 -67.4434033
1551.0 -70.6222325
1551.2 -77.4759181
1551.4 -77.3592169
1551.6 -78.7556291
1551.8 -84.4416877
1552.0 -77.9432941
1552.2 -78.3185037
1552.4 -76.5666538
1552.6 -68.3552069
1552.8 -65.1571634
1553.0 -64.7901371
1553.2 -63.5391476
1553.4 -67.0207358
1553.6 -71.9468415
1553.8 -74.5540405
1554.0 -68.8849956
1554.2 -66.8585671
1554.4 -64.9878656
1554.6 -66.7652072
1554.8 -70.2545067
1555.0 -69.3223928
1555.2 -68.1476437
1555.4 -68.4712229
1555.6 -71.4346218
1555.8 -75.8121155
1556.0 -72.1974804
1556.2 -68.6924688
1556.4 -66.6071143
1556.6 -69.8852697
1556.8 -71.9541481
1557.0 -73.7459209
1557.2 -64.1647525
1557.4 -60.6385321
1557.6 -59.0819509
1557.8 -59.1985141
1558.0 -61.310029
1558.2 -65.4308793
1558.4 -65.7945333
1558.6 -63.3404518
1558.8 -62.1087528
1559.0 -61.0645055
1559.2 -60.3775156
1559.4 -62.3469317
1559.6 -67.9445423
1559.8 -72.2066983
1560.0 -60.9652483
1560.2 -57.7703538
1560.4 -57.493329
1560.6 -58.5358844
1560.8 -62.6011467
1561.0 -68.5379289
1561.2 -65.2671398
1561.4 -58.2345822
1561.6 -54.7932317
1561.8 -53.5711965
1562.0 -55.2240601
1562.2 -59.7795634
1562.4 -60.8750583
1562.6 -57.0866248
1562.8 -57.0288838
1563.0 -59.6596195
1563.2 -67.8426265
1563.4 -59.8905139
1563.6 -53.8051151
1563.8 -50.6572847
1564.0 -49.3109878
1564.2 -48.9738642
1564.4 -50.4548304
1564.6 -55.1346696
1564.8 -63.8809353
1565.0 -74.0213724
1565.2 -65.9741576
1565.4 -59.2437505
1565.6 -53.8535912
1565.8 -47.694399
1566.0 -41.9414916
1566.2 -37.8201461
1566.4 -35.9815787
1566.6 -36.1102771
1566.8 -38.8744364
1567.0 -44.2468126
1567.2 -52.1488503
1567.4 -61.9926527
1567.6 -63.0285218
1567.8 -61.4191714
1568.0 -58.5398787
1568.2 -55.225735
1568.4 -50.1091953
1568.6 -46.8231623
1568.8 -46.1177001
1569.0 -47.9370663
1569.2 -49.9024185
1569.4 -52.668593
1569.6 -56.6602288
1569.8 -62.3696547
1570.0 -56.2826588
1570.2 -53.737505
