1545.0 -61.0125669
1545.2 -62.2954112
1545.4 -72.4892172
1545.6 -69.8813408
1545.8 -61.9955631
1546.0 -59.8833971
1546.2 -59.1016061
1546.4 -60.5476195
1546.6 -65.0576417
1546.8 -69.3822079
1547.0 -63.8806977
1547.2 -59.7955227
1547.4 -58.5243385
1547.6 -58.9095904
1547.8 -60.9724438
1548.0 -62.5052291
1548.2 -58.8244343
1548.4 -58.5132917
1548.6 -60.623703
1548.8 -66.7285471
1549.0 -66.0598099
1549.2 -59.4788388
1549.4 -55.4640688
1549.6 -52.3122918
1549.8 -51.1204589
1550.0 -53.4020785
1550.2 -59.5884199
1550.4 -67.7840804
1550.6 -74.2416521
1550.8 -73.9057657
1551.0 -65.718357
1551.2 -58.8130294
1551.4 -52.0018213
1551.6 -46.1845762
1551.8 -42.3603473
1552.0 -41.0757653
1552.2 -42.5771242
1552.4 -45.9369564
1552.6 -51.4524196
1552.8 -58.3145234
1553.0 -68.2794987
1553.2 -67.5041552
1553.4 -64.1509144
1553.6 -65.092998
1553.8 -63.0455222
1554.0 -57.4904548
1554.2 -54.7267249
1554.4 -53.7278705
1554.6 -54.6587521
1554.8 -55.559769
1555.0 -59.5564161
1555.2 -67.5918179
1555.4 -69.7472668
1555.6 -65.090301
1555.8 -63.5254812
1556.0 -64.6857709
1556.2 -68.1907352
1556.4 -68.830532
1556.6 -66.3718965
1556.8 -65.576234
1557.0 -66.180686
1557.2 -68.6024157
1557.4 -73.0377545
1557.6 -69.3742234
1557.8 -69.2257575
1558.0 -71.8410895
1558.2 -73.0480874
1558.4 -76.8945257
1558.6 -73.7481753
1558.8 -68.7517408
1559.0 -64.8195958
1559.2 -65.2501876
1559.4 -64.6094155
1559.6 -65.5724114
1559.8 -69.0485944
1560.0 -69.2603268
1560.2 -70.9337438
1560.4 -71.10864
1560.6 -68.4755112
1560.8 -69.0411035
1561.0 -71.5079801
1561.2 -78.6431278
1561.4 -78.1071091
1561.6 -70.06936
1561.8 -66.8236722
1562.0 -65.9695217
1562.2 -68.4357226
1562.4 -72.7730176
1562.6 -79.3143838
1562.8 -72.7321095
1563.0 -63.7810377
1563.2 -61.6449412
1563.4 -62.2855808
1563.6 -65.157509
1563.8 -68.4858902
1564.0 -67.8596954
1564.2 -66.4212245
1564.4 -66.1928408
1564.6 -68.3231507
1564.8 -72.4164622
1565.0 -65.3977267
1565.2 -60.0932918
1565.4 -56.6000716
1565.6 -55.4774793
1565.8 -55.7072058
1566.0 -58.5030685
1566.2 -64.4087637
1566.4 -74.7981305
1566.6 -75.3591188
1566.8 -70.0713644
1567.0 -66.0290162
1567.2 -61.116043
1567.4 -54.2945699
1567.6 -48.2437683
1567.8 -43.4896068
1568.0 -41.0464831
1568.2 -40.9705624
1568.4 -43.5537694
1568.6 -48.8655478
1568.8 -57.1427488
1569.0 -66.9475451
1569.2 -68.7337672
1569.4 -64.7940519
1569.6 -63.8533922
1569.8 -59.693903
1570.0 -54.2647468
1570.2 -51.8012798
