1540.0 -12.6984978
1540.1 -12.6895799
1540.2 -12.6375709
1540.3 -12.510356
1540.4 -12.8088982
1540.5 -12.4199325
1540.6 -12.3408616
1540.7 -12.4249231
1540.8 -12.5511373
1540.9 -12.4196761
1541.0 -12.3792151
1541.1 -12.4306714
1541.2 -12.4357329
1541.3 -12.6051005
1541.4 -12.6031002
1541.5 -12.5108018
1541.6 -12.355353
1541.7 -12.3024786
1541.8 -12.4036799
1541.9 -12.2079094
1542.0 -12.2661644
1542.1 -12.290684
1542.2 -12.4467989
1542.3 -12.3155505
1542.4 -12.2432652
1542.5 -12.4287109
1542.6 -12.4725784
1542.7 -12.5080256
1542.8 -12.5049193
1542.9 -12.5097523
1543.0 -12.5521271
1543.1 -12.7661744
1543.2 -12.5017441
1543.3 -12.3773323
1543.4 -12.4139469
1543.5 -12.3845415
1543.6 -12.2086317
1543.7 -12.0772473
1543.8 -12.0289259
1543.9 -12.0027224
1544.0 -12.1936718
1544.1 -12.1251811
1544.2 -12.0651858
1544.3 -12.1403096
1544.4 -12.4101094
1544.5 -12.2352422
1544.6 -12.1582706
1544.7 -12.3312727
1544.8 -12.1837726
1544.9 -12.2041678
1545.0 -12.0934249
1545.1 -12.0505445
1545.2 -12.0540211
1545.3 -11.9700612
1545.4 -12.0271456
1545.5 -11.9625939
1545.6 -12.0376262
1545.7 -12.0327411
1545.8 -12.2793904
1545.9 -12.1958804
1546.0 -12.1500867
1546.1 -12.236651
1546.2 -12.1877294
1546.3 -12.2127897
1546.4 -12.3062368
1546.5 -12.1535751
1546.6 -12.1476921
1546.7 -11.9773103
1546.8 -12.01922
1546.9 -11.893851
1547.0 -12.1687739
1547.1 -11.9460653
1547.2 -11.9381849
1547.3 -11.9549955
1547.4 -11.8544543
1547.5 -11.8855778
1547.6 -11.9424264
1547.7 -12.2009467
1547.8 -12.2065802
1547.9 -12.7049425
1548.0 -12.0799194
1548.1 -12.4053162
1548.2 -12.2924543
1548.3 -12.0381309
1548.4 -12.0980085
1548.5 -12.186485
1548.6 -12.4357418
1548.7 -11.8893381
1548.8 -11.9981188
1548.9 -11.9659722
1549.0 -11.9159191
1549.1 -12.0826328
1549.2 -11.8089885
1549.3 -11.9454693
1549.4 -12.047796
1549.5 -12.0308057
1549.6 -12.105661
1549.7 -11.8590149
1549.8 -11.9390192
1549.9 -11.9335425
1550.0 -11.8621946
1550.1 -11.9050989
1550.2 -11.8660287
1550.3 -11.7707002
1550.4 -12.1832349
1550.5 -11.7794554
1550.6 -12.3400673
1550.7 -11.8097156
1550.8 -12.0320479
1550.9 -12.0605682
1551.0 -11.9771899
1551.1 -12.3823556
1551.2 -12.226942
1551.3 -12.2558156
1551.4 -12.1773809
1551.5 -12.0816737
1551.6 -12.0308635
1551.7 -11.9953043
1551.8 -11.9526788
1551.9 -12.1137196
1552.0 -11.9308272
1552.1 -11.9269124
1552.2 -12.0264894
1552.3 -11.9272711
1552.4 -11.80273
1552.5 -11.7990898
1552.6 -12.0616576
1552.7 -12.1305442
1552.8 -11.9451612
1552.9 -11.8500717
1553.0 -11.9534551
1553.1 -11.8888766
1553.2 -11.9066147
1553.3 -11.8407902
1553.4 -11.9491172
1553.5 -12.080325
1553.6 -12.3535407
1553.7 -12.0968122
1553.8 -12.0086957
1553.9 -12.5645112
1554.0 -12.0994828
1554.1 -12.2235688
1554.2 -12.0860488
1554.3 -12.1113467
1554.4 -12.0498519
1554.5 -12.1183868
1554.6 -12.1109744
1554.7 -12.0717443
1554.8 -12.2024645
1554.9 -12.317535
1555.0 -12.1829783
1555.1 -11.9808307
1555.2 -12.2830555
1555.3 -11.955439
1555.4 -11.8524233
1555.5 -12.2967975
1555.6 -11.9825413
1555.7 -12.2608487
1555.8 -11.9665107
1555.9 -11.9134422
1556.0 -12.0318908
1556.1 -12.4009507
1556.2 -12.0488131
1556.3 -12.1292624
1556.4 -11.9964185
1556.5 -12.4558721
1556.6 -12.1380176
1556.7 -12.5121031
1556.8 -12.1427611
1556.9 -12.2053997
1557.0 -12.1675346
1557.1 -12.0654077
1557.2 -12.3454444
1557.3 -12.0393462
1557.4 -12.1878968
1557.5 -12.1448622
1557.6 -12.1945067
1557.7 -12.174953
1557.8 -12.0666839
1557.9 -12.2057658
1558.0 -12.1130008
1558.1 -12.2347839
1558.2 -12.1639344
1558.3 -12.248097
1558.4 -11.906537
1558.5 -12.1075987
1558.6 -11.9440307
1558.7 -12.0988773
1558.8 -12.2084406
1558.9 -12.1922548
1559.0 -12.1528868
1559.1 -12.3058475
1559.2 -12.3303355
1559.3 -12.3031335
1559.4 -12.2378839
1559.5 -12.1993096
1559.6 -12.2777094
1559.7 -12.2958063
1559.8 -12.1703299
1559.9 -12.2193239
1560.0 -12.1269401
1560.1 -12.0889392
1560.2 -12.128529
1560.3 -12.1257106
1560.4 -12.1026296
1560.5 -12.3080258
1560.6 -12.1698623
1560.7 -12.2952608
1560.8 -12.2820502
1560.9 -12.6455708
1561.0 -12.4081886
1561.1 -12.2125152
1561.2 -12.2416133
1561.3 -12.2442982
1561.4 -12.2405345
1561.5 -12.1342009
1561.6 -12.3328368
1561.7 -12.1134289
1561.8 -12.1162959
1561.9 -12.2023667
1562.0 -12.3544742
1562.1 -12.2288246
1562.2 -12.2116695
1562.3 -12.500055
1562.4 -12.4662399
1562.5 -12.4284995
1562.6 -12.5163127
1562.7 -12.498303
1562.8 -12.5199173
1562.9 -12.4948009
1563.0 -12.4981892
1563.1 -12.4588356
1563.2 -12.4713985
1563.3 -12.3283221
1563.4 -12.312226
1563.5 -12.4198035
1563.6 -12.4897004
1563.7 -12.1793382
1563.8 -12.4855471
1563.9 -12.3913352
1564.0 -12.5627454
1564.1 -12.5837536
1564.2 -12.587767
1564.3 -12.4648696
1564.4 -12.5156241
1564.5 -12.7015275
1564.6 -12.716204
1564.7 -12.8169871
1564.8 -12.3507097
1564.9 -12.4236955
1565.0 -12.3306372
1565.1 -12.5899436
1565.2 -12.2422757
1565.3 -12.368641
1565.4 -12.569902
1565.5 -12.3633225
1565.6 -12.6103138
1565.7 -12.5274055
1565.8 -12.8693932
1565.9 -12.6614077
1566.0 -12.7540332
1566.1 -12.750913
1566.2 -12.7252709
1566.3 -12.7363289
1566.4 -12.8082936
1566.5 -12.5656484
1566.6 -12.9462191
1566.7 -12.527755
1566.8 -12.4392458
1566.9 -12.4714585
1567.0 -12.3817533
1567.1 -12.6101546
1567.2 -12.5550963
1567.3 -12.4785498
1567.4 -12.6272437
1567.5 -12.7491263
1567.6 -12.7455076
1567.7 -12.8416507
1567.8 -13.0907309
1567.9 -13.0283251
1568.0 -13.1466259
1568.1 -12.901591
1568.2 -12.9302876
1568.3 -12.800265
1568.4 -12.6377662
1568.5 -12.6466399
1568.6 -12.6019231
1568.7 -12.5392485
1568.8 -12.5902953
1568.9 -13.113985
1569.0 -12.6833349
1569.1 -12.7097951
1569.2 -12.9024002
1569.3 -12.8672862
1569.4 -12.816045
1569.5 -12.8553895
1569.6 -12.7535105
1569.7 -12.7772367
1569.8 -12.8074978
1569.9 -12.6750865
1570.0 -12.8499989
