1540.0 -50.8959269
1540.1 -50.5609341
1540.2 -49.2768491
1540.3 -49.1718136
1540.4 -49.387239
1540.5 -48.5509615
1540.6 -49.013332
1540.7 -49.4204865
1540.8 -51.2588682
1540.9 -52.8204882
1541.0 -57.758036
1541.1 -58.0634852
1541.2 -57.2716143
1541.3 -53.5037097
1541.4 -51.0374297
1541.5 -50.0996051
1541.6 -49.7512446
1541.7 -49.0698121
1541.8 -49.9936257
1541.9 -50.8884194
1542.0 -52.6221845
1542.1 -54.6053733
1542.2 -55.9058325
1542.3 -58.5923526
1542.4 -61.682396
1542.5 -61.2239027
1542.6 -63.3250058
1542.7 -58.6681698
1542.8 -57.3660741
1542.9 -55.8440377
1543.0 -57.1751167
1543.1 -57.9753166
1543.2 -60.3140318
1543.3 -62.2265818
1543.4 -62.3934268
1543.5 -57.2104506
1543.6 -56.1947047
1543.7 -53.782513
1543.8 -53.6847864
1543.9 -52.6546295
1544.0 -53.1294733
1544.1 -52.5413741
1544.2 -52.3370908
1544.3 -53.1124568
1544.4 -54.2901416
1544.5 -56.8594174
1544.6 -63.2785858
1544.7 -68.407702
1544.8 -57.9645386
1544.9 -54.4793263
1545.0 -50.9967124
1545.1 -49.225666
1545.2 -48.3774689
1545.3 -48.2667638
1545.4 -47.8552068
1545.5 -49.1108328
1545.6 -50.3336587
1545.7 -52.4328397
1545.8 -54.8207482
1545.9 -56.4843193
1546.0 -58.2065295
1546.1 -56.197225
1546.2 -53.7635646
1546.3 -51.9780857
1546.4 -49.1462159
1546.5 -47.7655123
1546.6 -45.6657072
1546.7 -44.0631428
1546.8 -42.4970192
1546.9 -41.0393067
1547.0 -39.0328393
1547.1 -37.4408345
1547.2 -36.119309
1547.3 -34.9546701
1547.4 -34.1068117
1547.5 -33.7251781
1547.6 -33.7078408
1547.7 -34.16242
1547.8 -35.0631422
1547.9 -36.811177
1548.0 -38.4884035
1548.1 -40.4180361
1548.2 -42.5669926
1548.3 -45.6523119
1548.4 -48.7944081
1548.5 -52.8079374
1548.6 -57.3279922
1548.7 -61.1691595
1548.8 -62.7124818
1548.9 -61.9591455
1549.0 -59.4811312
1549.1 -58.1738145
1549.2 -56.6172208
1549.3 -54.8457841
1549.4 -53.5888628
1549.5 -52.856721
1549.6 -52.3009693
1549.7 -52.4588524
1549.8 -52.3937774
1549.9 -52.9018348
1550.0 -54.091244
1550.1 -54.4374523
1550.2 -55.2279741
1550.3 -56.2913978
1550.4 -57.3931767
1550.5 -59.2681341
1550.6 -61.5468108
1550.7 -63.6444297
1550.8 -60.5363487
1550.9 -58.0489974
1551.0 -55.8469135
1551.1 -54.5070796
1551.2 -53.826933
1551.3 -54.2525933
1551.4 -54.8814494
1551.5 -56.0367622
1551.6 -57.9797056
1551.7 -60.5768349
1551.8 -63.5889531
1551.9 -64.731947
1552.0 -63.7877208
1552.1 -64.4749465
1552.2 -62.969794
1552.3 -64.7347471
1552.4 -63.9633513
1552.5 -64.228008
1552.6 -65.1645231
1552.7 -66.1487404
1552.8 -65.9894521
1552.9 -68.0965868
1553.0 -65.5593208
1553.1 -65.8250783
1553.2 -64.1810267
1553.3 -65.2784492
1553.4 -68.0517172
1553.5 -71.4145229
1553.6 -74.5012095
1553.7 -76.4192771
1553.8 -70.7395382
1553.9 -66.0339756
1554.0 -63.0034225
1554.1 -61.9256925
1554.2 -60.7298304
1554.3 -60.6305399
1554.4 -59.8171972
1554.5 -60.2232721
1554.6 -60.0796951
1554.7 -60.6152148
1554.8 -62.4830544
1554.9 -65.7419976
1555.0 -67.6924772
1555.1 -75.9876571
1555.2 -78.2737915
1555.3 -74.4522129
1555.4 -70.0937747
1555.5 -67.990976
1555.6 -67.2571345
1555.7 -66.0984557
1555.8 -66.2696543
1555.9 -66.4250195
1556.0 -67.7423476
1556.1 -67.0666567
1556.2 -67.2517507
1556.3 -67.3686749
1556.4 -68.1998648
1556.5 -67.9755955
1556.6 -69.2514938
1556.7 -70.5281798
1556.8 -72.9056363
1556.9 -77.0740394
1557.0 -72.1612826
1557.1 -70.9745406
1557.2 -67.2492531
1557.3 -66.6232666
1557.4 -64.6602414
1557.5 -65.4295011
1557.6 -65.2806899
1557.7 -65.6385624
1557.8 -66.7832355
1557.9 -67.639579
1558.0 -71.0526781
1558.1 -72.4811859
1558.2 -74.1810019
1558.3 -71.810636
1558.4 -72.488286
1558.5 -70.4044636
1558.6 -67.8928272
1558.7 -67.558104
1558.8 -67.3013461
1558.9 -68.5201186
1559.0 -70.0622206
1559.1 -73.1918366
1559.2 -73.138094
1559.3 -68.0713815
1559.4 -66.6783287
1559.5 -63.1167102
1559.6 -61.4737079
1559.7 -61.4068574
1559.8 -61.748855
1559.9 -63.0043369
1560.0 -61.0891977
1560.1 -59.8742452
1560.2 -59.0750064
1560.3 -60.8797208
1560.4 -65.7717181
1560.5 -75.7272594
1560.6 -65.2802448
1560.7 -60.1825572
1560.8 -57.189979
1560.9 -56.2129038
1561.0 -55.0762326
1561.1 -54.4420804
1561.2 -53.9500195
1561.3 -53.824473
1561.4 -54.6148915
1561.5 -55.6808908
1561.6 -57.7545256
1561.7 -60.5579421
1561.8 -61.9271537
1561.9 -62.8041793
1562.0 -60.0230068
1562.1 -57.8790584
1562.2 -55.5229695
1562.3 -52.8222363
1562.4 -50.620059
1562.5 -48.5462217
1562.6 -46.6555708
1562.7 -45.2158779
1562.8 -43.4463709
1562.9 -41.7387339
1563.0 -39.8681193
1563.1 -38.2350015
1563.2 -37.0076391
1563.3 -35.9660329
1563.4 -35.6027405
1563.5 -35.1737858
1563.6 -35.6624183
1563.7 -36.2392319
1563.8 -37.4953401
1563.9 -38.9339017
1564.0 -41.026927
1564.1 -42.9869165
1564.2 -45.2843311
1564.3 -48.4424252
1564.4 -51.7667747
1564.5 -56.0479935
1564.6 -61.0972948
1564.7 -62.2997693
1564.8 -62.7876367
1564.9 -61.7271562
1565.0 -58.4377518
1565.1 -56.439334
1565.2 -54.6163579
1565.3 -52.1104974
1565.4 -50.7401142
1565.5 -50.4261006
1565.6 -50.0089751
1565.7 -49.933637
1565.8 -50.0874954
1565.9 -50.567481
1566.0 -51.0918561
1566.1 -51.2498234
1566.2 -52.1131268
1566.3 -52.9256191
1566.4 -54.2341925
1566.5 -57.1474338
1566.6 -59.0283964
1566.7 -58.846091
1566.8 -55.5979769
1566.9 -52.5884643
1567.0 -50.5506012
1567.1 -49.1561615
1567.2 -48.6759839
1567.3 -48.9218244
1567.4 -49.0348765
1567.5 -50.2756348
1567.6 -52.5112474
1567.7 -54.985717
1567.8 -57.4041691
1567.9 -58.0810853
1568.0 -58.8393511
1568.1 -56.7224425
1568.2 -56.6075932
1568.3 -56.3969042
1568.4 -56.4164793
1568.5 -56.3054731
1568.6 -56.1903087
1568.7 -57.9145424
1568.8 -58.6835832
1568.9 -58.142602
1569.0 -57.0220351
1569.1 -56.7172306
1569.2 -54.8035679
1569.3 -55.6229743
1569.4 -55.8716738
1569.5 -57.9951733
1569.6 -65.6484085
1569.7 -70.1045485
1569.8 -61.6026396
1569.9 -54.9650173
1570.0 -51.7631871
