1545.0 -18.4936163
1545.2 -18.552232
1545.4 -18.8584898
1545.6 -19.225767
1545.8 -19.4298218
1546.0 -19.1386707
1546.2 -18.6882203
1546.4 -18.3198317
1546.6 -18.2453953
1546.8 -18.8551211
1547.0 -20.0813116
1547.2 -21.2524676
1547.4 -21.6220093
1547.6 -20.7833538
1547.8 -19.1334134
1548.0 -17.6862434
1548.2 -17.3099591
1548.4 -16.9116319
1548.6 -17.8632392
1548.8 -18.895326
1549.0 -19.9792389
1549.2 -20.3850749
1549.4 -20.227494
1549.6 -19.1956697
1549.8 -18.4790356
1550.0 -18.382256
1550.2 -18.8378833
1550.4 -19.6603953
1550.6 -20.396028
1550.8 -20.0097317
1551.0 -18.7760281
1551.2 -17.8041923
1551.4 -17.1123991
1551.6 -16.9253054
1551.8 -17.3462124
1552.0 -18.5546238
1552.2 -19.9002655
1552.4 -21.2291071
1552.6 -20.9211851
1552.8 -20.0480049
1553.0 -18.9233079
1553.2 -17.9752388
1553.4 -17.7463873
1553.6 -17.9853469
1553.8 -18.4126644
1554.0 -18.9693793
1554.2 -18.8531648
1554.4 -18.3326905
1554.6 -18.0412013
1554.8 -17.7900436
1555.0 -17.9613555
1555.2 -18.7130563
1555.4 -19.4711024
1555.6 -20.335621
1555.8 -20.6504588
1556.0 -19.915364
1556.2 -18.7814144
1556.4 -18.0677353
1556.6 -17.4418662
1556.8 -17.1223938
1557.0 -17.2544152
1557.2 -17.8571715
1557.4 -18.6111586
1557.6 -19.0508611
1557.8 -19.1660803
1558.0 -19.0009544
1558.2 -18.9525785
1558.4 -18.873162
1558.6 -18.895454
1558.8 -19.1368852
1559.0 -19.4333047
1559.2 -19.1442154
1559.4 -18.3454546
1559.6 -17.735067
1559.8 -17.2814928
1560.0 -17.3297406
1560.2 -17.6068534
1560.4 -18.3676732
1560.6 -19.1129883
1560.8 -19.7359953
1561.0 -19.8140511
1561.2 -19.6053761
1561.4 -18.778315
1561.6 -18.8088346
1561.8 -18.3869204
1562.0 -18.4989427
1562.2 -18.8169587
1562.4 -18.539594
1562.6 -18.1468985
1562.8 -17.5869294
1563.0 -17.2032832
1563.2 -17.837162
1563.4 -18.2603794
1563.6 -19.1310675
1563.8 -19.8780951
1564.0 -20.3805655
1564.2 -19.849092
1564.4 -18.7272317
1564.6 -17.98928
1564.8 -17.7260046
1565.0 -17.7863697
1565.2 -18.0901838
1565.4 -18.6473467
1565.6 -18.6718626
1565.8 -18.8523874
1566.0 -18.0854731
1566.2 -17.7845927
1566.4 -17.6187371
1566.6 -18.354306
1566.8 -19.0261652
1567.0 -20.3936654
1567.2 -20.6933143
1567.4 -20.2370522
1567.6 -19.2243064
1567.8 -17.8384814
1568.0 -17.1840919
1568.2 -16.9893256
1568.4 -17.3092506
1568.6 -17.8527551
1568.8 -18.7108392
1569.0 -19.7199447
1569.2 -19.8975778
1569.4 -19.320093
1569.6 -18.8523078
1569.8 -18.3566969
1570.0 -18.3808421
1570.2 -18.6383257
