1540.0 -59.447334
1540.1 -59.4882366
1540.2 -65.9984446
1540.3 -61.4346655
1540.4 -58.3631607
1540.5 -56.5765101
1540.6 -54.4275653
1540.7 -53.7423784
1540.8 -53.3344379
1540.9 -52.6249735
1541.0 -51.9897473
1541.1 -52.0034967
1541.2 -52.583034
1541.3 -54.872983
1541.4 -56.2403203
1541.5 -60.9149427
1541.6 -63.4474355
1541.7 -57.0990285
1541.8 -52.5498329
1541.9 -49.7200618
1542.0 -48.0541374
1542.1 -47.0603902
1542.2 -46.4518221
1542.3 -47.0049483
1542.4 -48.0181663
1542.5 -48.4896719
1542.6 -50.8772507
1542.7 -53.9062763
1542.8 -54.4545892
1542.9 -55.5636763
1543.0 -54.5801877
1543.1 -51.5173048
1543.2 -49.1388591
1543.3 -47.1573445
1543.4 -44.8667587
1543.5 -43.1515598
1543.6 -41.4164235
1543.7 -39.760186
1543.8 -37.7073767
1543.9 -36.1189242
1544.0 -34.6719021
1544.1 -33.1974607
1544.2 -31.7461916
1544.3 -30.8894266
1544.4 -30.4119949
1544.5 -30.5362517
1544.6 -30.9473021
1544.7 -31.8167863
1544.8 -33.0651208
1544.9 -34.7519777
1545.0 -36.9074485
1545.1 -39.1620573
1545.2 -42.1095172
1545.3 -44.8210232
1545.4 -48.846994
1545.5 -53.5095321
1545.6 -56.6419821
1545.7 -57.3604692
1545.8 -57.4116162
1545.9 -56.0561479
1546.0 -54.3067383
1546.1 -52.3024668
1546.2 -50.2937391
1546.3 -48.9714762
1546.4 -47.9090732
1546.5 -47.429909
1546.6 -47.232419
1546.7 -47.2692081
1546.8 -47.3695097
1546.9 -47.8089263
1547.0 -48.6530053
1547.1 -48.9248482
1547.2 -49.2439972
1547.3 -51.1942227
1547.4 -53.0445301
1547.5 -56.7427171
1547.6 -56.7842901
1547.7 -54.4924371
1547.8 -51.1257535
1547.9 -48.9881954
1548.0 -47.9426612
1548.1 -47.1931418
1548.2 -46.8128278
1548.3 -47.4710625
1548.4 -48.6656006
1548.5 -51.0762577
1548.6 -53.1815239
1548.7 -55.6030157
1548.8 -56.1293481
1548.9 -55.673559
1549.0 -55.1454629
1549.1 -54.7038146
1549.2 -54.5645304
1549.3 -54.3124907
1549.4 -55.8267297
1549.5 -55.7905812
1549.6 -56.5062983
1549.7 -58.7815154
1549.8 -57.7825047
1549.9 -55.9493214
1550.0 -54.8208616
1550.1 -55.6266542
1550.2 -55.5981605
1550.3 -56.7122573
1550.4 -61.4204412
1550.5 -67.0214009
1550.6 -63.8282765
1550.7 -56.3301789
1550.8 -53.022749
1550.9 -50.7261123
1551.0 -49.2602322
1551.1 -47.6477253
1551.2 -47.3407462
1551.3 -46.6351349
1551.4 -46.2886333
1551.5 -46.4902864
1551.6 -47.5567125
1551.7 -48.8171765
1551.8 -50.1812976
1551.9 -54.6208382
1552.0 -61.0705428
1552.1 -64.7367777
1552.2 -58.6092805
1552.3 -53.9256198
1552.4 -52.3198842
1552.5 -50.5488793
1552.6 -50.4621581
1552.7 -49.4145517
1552.8 -49.131947
1552.9 -48.9849295
1553.0 -48.7492204
1553.1 -48.0992886
1553.2 -48.6321592
1553.3 -48.7941431
1553.4 -50.2029026
1553.5 -51.4973218
1553.6 -55.3479599
1553.7 -57.5598345
1553.8 -59.4282696
1553.9 -56.5942541
1554.0 -54.3280048
1554.1 -51.6538384
1554.2 -50.9713008
1554.3 -49.8316907
1554.4 -50.6042769
1554.5 -50.3697986
1554.6 -53.2706195
1554.7 -53.6803169
1554.8 -56.1969614
1554.9 -57.8025674
1555.0 -60.7873094
1555.1 -60.4703419
1555.2 -63.7208358
1555.3 -61.6116981
1555.4 -59.9080077
1555.5 -59.1552898
1555.6 -57.8940845
1555.7 -58.663196
1555.8 -60.6016815
1555.9 -62.6166869
1556.0 -66.3244258
1556.1 -61.5243365
1556.2 -60.5908962
1556.3 -57.1609766
1556.4 -56.2228292
1556.5 -55.9477943
1556.6 -55.1052813
1556.7 -54.6472158
1556.8 -54.4381866
1556.9 -54.3594223
1557.0 -55.3708099
1557.1 -55.8890329
1557.2 -58.6620329
1557.3 -63.3493167
1557.4 -67.2255083
1557.5 -61.7316694
1557.6 -56.7234711
1557.7 -54.1793952
1557.8 -51.4949034
1557.9 -51.2361538
1558.0 -50.2787868
1558.1 -50.8736555
1558.2 -51.3589039
1558.3 -52.2256857
1558.4 -54.0992474
1558.5 -57.1200403
1558.6 -57.6946103
1558.7 -59.952235
1558.8 -62.9502365
1558.9 -58.4615097
1559.0 -56.5870954
1559.1 -54.3369587
1559.2 -52.0924754
1559.3 -50.0155378
1559.4 -48.4029882
1559.5 -47.0517321
1559.6 -45.6446966
1559.7 -43.9597146
1559.8 -42.0480465
1559.9 -40.5770735
1560.0 -39.4415937
1560.1 -38.0857257
1560.2 -37.3758439
1560.3 -37.0538967
1560.4 -37.1725763
1560.5 -37.9538366
1560.6 -38.9908317
1560.7 -40.4298207
1560.8 -42.1173514
1560.9 -44.361275
1561.0 -46.4869356
1561.1 -49.2070588
1561.2 -52.6020305
1561.3 -55.76535
1561.4 -60.982407
1561.5 -65.2285143
1561.6 -64.3946042
1561.7 -65.3519281
1561.8 -64.8827398
1561.9 -62.2551191
1562.0 -60.9086378
1562.1 -57.5943374
1562.2 -56.6918264
1562.3 -55.2002326
1562.4 -54.9868464
1562.5 -54.8223169
1562.6 -55.2268104
1562.7 -55.6811316
1562.8 -55.7155899
1562.9 -55.8691495
1563.0 -56.9434449
1563.1 -57.058438
1563.2 -58.1249537
1563.3 -59.4986874
1563.4 -62.3092547
1563.5 -63.3752917
1563.6 -63.2824503
1563.7 -59.8669924
1563.8 -56.8976751
1563.9 -55.8108026
1564.0 -54.4147941
1564.1 -54.3190526
1564.2 -54.1918994
1564.3 -54.6962157
1564.4 -56.5403085
1564.5 -59.0723908
1564.6 -60.86055
1564.7 -62.413806
1564.8 -64.4531503
1564.9 -62.8616591
1565.0 -61.0847148
1565.1 -61.4523388
1565.2 -61.8216232
1565.3 -61.2562442
1565.4 -62.9629601
1565.5 -62.3401755
1565.6 -62.7598786
1565.7 -65.8910575
1565.8 -62.9832923
1565.9 -61.6577921
1566.0 -61.7158793
1566.1 -61.8228929
1566.2 -60.8366251
1566.3 -62.4427841
1566.4 -67.3370299
1566.5 -73.1924389
1566.6 -70.1654718
1566.7 -61.7531271
1566.8 -57.8933754
1566.9 -55.5412529
1567.0 -53.3051731
1567.1 -52.1530399
1567.2 -51.5082033
1567.3 -50.497673
1567.4 -50.1591616
1567.5 -50.3554568
1567.6 -50.7505287
1567.7 -52.1846637
1567.8 -53.6134741
1567.9 -57.0613043
1568.0 -61.075166
1568.1 -72.2538195
1568.2 -63.76144
1568.3 -60.0982628
1568.4 -56.1521408
1568.5 -54.2791096
1568.6 -52.9228832
1568.7 -52.6260699
1568.8 -51.388727
1568.9 -51.8322119
1569.0 -51.0197059
1569.1 -50.8033198
1569.2 -50.4757688
1569.3 -51.3225707
1569.4 -50.9214113
1569.5 -51.9991416
1569.6 -53.3917299
1569.7 -58.0761712
1569.8 -59.7583195
1569.9 -60.4338343
1570.0 -56.9619384
