1540.0 -51.7520015
1540.1 -49.7802534
1540.2 -49.4741879
1540.3 -47.9652181
1540.4 -47.5606614
1540.5 -47.4947808
1540.6 -48.163666
1540.7 -48.908166
1540.8 -50.7389505
1540.9 -54.1398443
1541.0 -59.2999251
1541.1 -68.5457536
1541.2 -61.1952259
1541.3 -56.9049561
1541.4 -53.8598451
1541.5 -52.0176348
1541.6 -51.1600401
1541.7 -50.9513864
1541.8 -50.0265818
1541.9 -50.3438044
1542.0 -49.5439212
1542.1 -49.4586691
1542.2 -48.9280096
1542.3 -50.2216246
1542.4 -50.0085887
1542.5 -53.1711671
1542.6 -54.0186824
1542.7 -59.3350914
1542.8 -60.5445253
1542.9 -56.2219291
1543.0 -54.0155367
1543.1 -51.3879588
1543.2 -51.010314
1543.3 -49.9913935
1543.4 -50.2313116
1543.5 -50.6513504
1543.6 -53.120248
1543.7 -53.4307288
1543.8 -56.446178
1543.9 -56.6740559
1544.0 -61.8605232
1544.1 -60.0483773
1544.2 -64.9834752
1544.3 -62.9171399
1544.4 -59.3319181
1544.5 -58.8398372
1544.6 -57.6976555
1544.7 -59.1405114
1544.8 -58.8821968
1544.9 -62.9123684
1545.0 -63.0148205
1545.1 -61.8952617
1545.2 -59.6360938
1545.3 -55.9052561
1545.4 -56.4519179
1545.5 -54.13321
1545.6 -55.1576683
1545.7 -53.1610711
1545.8 -54.5338077
1545.9 -54.4175325
1546.0 -55.1334353
1546.1 -56.6812081
1546.2 -59.1801769
1546.3 -66.7947039
1546.4 -66.9592474
1546.5 -59.2079294
1546.6 -55.3055077
1546.7 -52.6201668
1546.8 -51.1661245
1546.9 -50.648714
1547.0 -50.1388632
1547.1 -50.9090784
1547.2 -51.5867812
1547.3 -52.562021
1547.4 -54.6268701
1547.5 -57.9039974
1547.6 -60.5588769
1547.7 -60.9501487
1547.8 -59.3348835
1547.9 -56.69581
1548.0 -54.5922643
1548.1 -51.9678862
1548.2 -49.7706191
1548.3 -48.0404595
1548.4 -46.5814959
1548.5 -45.1766385
1548.6 -43.4216682
1548.7 -41.9126904
1548.8 -39.9046393
1548.9 -38.5858674
1549.0 -37.540538
1549.1 -36.9553196
1549.2 -36.6937745
1549.3 -36.9187969
1549.4 -37.9028777
1549.5 -39.2638883
1549.6 -40.7014806
1549.7 -42.5299543
1549.8 -44.7158787
1549.9 -47.4256197
1550.0 -50.1623418
1550.1 -53.9999092
1550.2 -58.0891433
1550.3 -62.6640066
1550.4 -67.4792475
1550.5 -69.2147058
1550.6 -67.7545899
1550.7 -64.707173
1550.8 -62.8415999
1550.9 -60.6515925
1551.0 -58.5737427
1551.1 -57.584106
1551.2 -57.9519888
1551.3 -57.5403729
1551.4 -57.5896663
1551.5 -58.6214723
1551.6 -59.3238644
1551.7 -59.6315758
1551.8 -60.2620421
1551.9 -61.0487488
1552.0 -62.6178657
1552.1 -63.9658139
1552.2 -67.2026331
1552.3 -70.9770506
1552.4 -69.1473278
1552.5 -67.508034
1552.6 -64.6963338
1552.7 -62.8573667
1552.8 -61.9845929
1552.9 -61.3182092
1553.0 -61.724357
1553.1 -63.3904614
1553.2 -65.2902679
1553.3 -68.1213476
1553.4 -70.7615409
1553.5 -71.881769
1553.6 -72.2827844
1553.7 -73.6066299
1553.8 -71.227136
1553.9 -72.9656846
1554.0 -73.8551537
1554.1 -75.0401838
1554.2 -76.738819
1554.3 -76.3980541
1554.4 -77.3192255
1554.5 -75.5990791
1554.6 -76.4647508
1554.7 -74.7369363
1554.8 -74.7674487
1554.9 -75.1053884
1555.0 -75.2073335
1555.1 -76.6154521
1555.2 -77.4171669
1555.3 -79.0245281
1555.4 -79.0193898
1555.5 -74.0959384
1555.6 -73.0408199
1555.7 -69.914812
1555.8 -67.3309102
1555.9 -64.3542607
1556.0 -64.1190126
1556.1 -63.1320594
1556.2 -63.2393864
1556.3 -62.4357002
1556.4 -62.3520464
1556.5 -63.7501549
1556.6 -64.5954206
1556.7 -67.576045
1556.8 -75.6319642
1556.9 -76.3271495
1557.0 -69.5118901
1557.1 -66.5123692
1557.2 -62.7756016
1557.3 -61.9373551
1557.4 -60.7264608
1557.5 -60.4905037
1557.6 -59.4872574
1557.7 -58.8057936
1557.8 -58.330247
1557.9 -58.2187224
1558.0 -57.9389815
1558.1 -57.7194415
1558.2 -59.0215319
1558.3 -61.031903
1558.4 -62.6877387
1558.5 -66.8539916
1558.6 -67.5105815
1558.7 -62.8943178
1558.8 -60.994425
1558.9 -57.7558642
1559.0 -57.4595025
1559.1 -55.8929425
1559.2 -56.9994791
1559.3 -56.9430596
1559.4 -58.2659222
1559.5 -59.5314969
1559.6 -61.3451489
1559.7 -64.2240404
1559.8 -64.157385
1559.9 -67.4976856
1560.0 -67.2231646
1560.1 -65.0731544
1560.2 -63.0229963
1560.3 -61.2073346
1560.4 -60.5039852
1560.5 -61.5023607
1560.6 -61.6787442
1560.7 -63.5386948
1560.8 -66.3750585
1560.9 -64.5129576
1561.0 -63.7260505
1561.1 -60.2799034
1561.2 -58.1396747
1561.3 -58.5017904
1561.4 -56.0274169
1561.5 -57.8685964
1561.6 -55.4702402
1561.7 -55.8045534
1561.8 -55.067109
1561.9 -56.3567402
1562.0 -58.3744538
1562.1 -63.5988237
1562.2 -72.5491318
1562.3 -61.6047253
1562.4 -56.8551212
1562.5 -53.3813642
1562.6 -51.61704
1562.7 -50.1294667
1562.8 -49.8026142
1562.9 -49.390996
1563.0 -50.147077
1563.1 -50.3498685
1563.2 -52.1758806
1563.3 -54.4811286
1563.4 -56.3101449
1563.5 -59.0097847
1563.6 -58.3682302
1563.7 -56.5977058
1563.8 -54.2952077
1563.9 -51.3229347
1564.0 -48.9606907
1564.1 -46.877248
1564.2 -44.9713564
1564.3 -43.3272732
1564.4 -41.5743016
1564.5 -40.1620188
1564.6 -38.5800704
1564.7 -37.2136804
1564.8 -35.3383668
1564.9 -34.0864307
1565.0 -33.0467865
1565.1 -32.637871
1565.2 -32.2597966
1565.3 -32.8566653
1565.4 -33.5471352
1565.5 -34.763516
1565.6 -36.3512964
1565.7 -38.2632485
1565.8 -40.3273823
1565.9 -43.0187831
1566.0 -46.0443317
1566.1 -49.6155244
1566.2 -54.1704712
1566.3 -58.469474
1566.4 -62.0449467
1566.5 -61.4213704
1566.6 -59.0325451
1566.7 -56.729253
1566.8 -54.2317682
1566.9 -52.21106
1567.0 -50.1966331
1567.1 -49.5148034
1567.2 -48.0898619
1567.3 -48.2406785
1567.4 -48.0704248
1567.5 -48.1284951
1567.6 -48.9916464
1567.7 -48.7302722
1567.8 -49.5142476
1567.9 -50.1435886
1568.0 -51.1230971
1568.1 -53.0743492
1568.2 -55.1781836
1568.3 -59.1887087
1568.4 -57.7220248
1568.5 -54.4703766
1568.6 -50.6463835
1568.7 -48.6238727
1568.8 -47.5243599
1568.9 -46.662467
1569.0 -46.960074
1569.1 -47.3661538
1569.2 -48.9922251
1569.3 -50.3449113
1569.4 -53.7215491
1569.5 -55.1097281
1569.6 -56.7315929
1569.7 -56.0583994
1569.8 -54.8731418
1569.9 -55.5240954
1570.0 -54.3765335
