1540.0 -55.5266607
1540.1 -53.2129569
1540.2 -52.1023957
1540.3 -51.7185509
1540.4 -52.2199149
1540.5 -53.1282113
1540.6 -54.4821538
1540.7 -56.7225819
1540.8 -59.6424395
1540.9 -60.9305949
1541.0 -62.2709184
1541.1 -61.4130202
1541.2 -61.5666754
1541.3 -62.4827605
1541.4 -60.0524669
1541.5 -60.565497
1541.6 -60.3745631
1541.7 -61.7401798
1541.8 -62.1539039
1541.9 -62.6078336
1542.0 -61.5819671
1542.1 -60.4912952
1542.2 -60.5865023
1542.3 -59.7793851
1542.4 -60.162826
1542.5 -66.0767193
1542.6 -70.2249074
1542.7 -67.6496463
1542.8 -62.638651
1542.9 -57.9600171
1543.0 -55.6515078
1543.1 -53.9517895
1543.2 -52.9036529
1543.3 -51.3934569
1543.4 -51.1526936
1543.5 -50.5958697
1543.6 -51.1486776
1543.7 -51.5217071
1543.8 -53.103241
1543.9 -54.9994881
1544.0 -58.4574035
1544.1 -65.1685974
1544.2 -70.6707138
1544.3 -62.9809282
1544.4 -58.9992202
1544.5 -57.3679353
1544.6 -55.4764991
1544.7 -54.4634601
1544.8 -54.5629025
1544.9 -54.4411317
1545.0 -54.0964666
1545.1 -53.9347896
1545.2 -53.9549528
1545.3 -54.2173462
1545.4 -54.8422109
1545.5 -55.9873204
1545.6 -58.5891923
1545.7 -61.1154794
1545.8 -65.6616789
1545.9 -63.3050271
1546.0 -60.462603
1546.1 -57.4215431
1546.2 -56.2351407
1546.3 -55.2818576
1546.4 -55.1386917
1546.5 -55.6353008
1546.6 -56.626478
1546.7 -58.0799458
1546.8 -58.5442455
1546.9 -61.3396766
1547.0 -62.7820367
1547.1 -66.4110589
1547.2 -67.4828141
1547.3 -70.7459027
1547.4 -66.0688608
1547.5 -65.5132919
1547.6 -62.6011877
1547.7 -63.2814938
1547.8 -63.7698534
1547.9 -65.1134624
1548.0 -67.348966
1548.1 -69.864959
1548.2 -66.5250144
1548.3 -65.5419792
1548.4 -62.1479267
1548.5 -62.6062184
1548.6 -60.8482549
1548.7 -60.9214488
1548.8 -59.9758059
1548.9 -60.3981039
1549.0 -61.0580754
1549.1 -61.483568
1549.2 -63.5293184
1549.3 -66.7099844
1549.4 -74.442226
1549.5 -73.0822512
1549.6 -66.1826014
1549.7 -62.3376904
1549.8 -59.6844107
1549.9 -58.6862914
1550.0 -57.7767734
1550.1 -57.7346837
1550.2 -58.4997557
1550.3 -59.2136931
1550.4 -61.3927834
1550.5 -63.2895079
1550.6 -65.6844803
1550.7 -67.5505391
1550.8 -67.754965
1550.9 -66.7697872
1551.0 -64.6140367
1551.1 -61.7617731
1551.2 -59.8160031
1551.3 -57.3011423
1551.4 -55.5302258
1551.5 -53.7987298
1551.6 -52.4552315
1551.7 -51.0152483
1551.8 -49.6863156
1551.9 -48.7827787
1552.0 -47.2385358
1552.1 -46.5878532
1552.2 -46.049259
1552.3 -46.2194739
1552.4 -46.5037637
1552.5 -47.4617666
1552.6 -48.236672
1552.7 -50.2092343
1552.8 -52.3138201
1552.9 -54.5564707
1553.0 -56.9993673
1553.1 -60.1668656
1553.2 -62.57747
1553.3 -66.7020525
1553.4 -70.0445917
1553.5 -74.2951169
1553.6 -77.0724153
1553.7 -78.6192274
1553.8 -75.2667098
1553.9 -71.4909767
1554.0 -69.038276
1554.1 -66.926103
1554.2 -64.8746578
1554.3 -64.586181
1554.4 -64.5059241
1554.5 -64.4568981
1554.6 -64.824749
1554.7 -64.7426955
1554.8 -64.7812132
1554.9 -65.0917982
1555.0 -65.4651694
1555.1 -65.7136728
1555.2 -67.1974186
1555.3 -69.2409285
1555.4 -72.133256
1555.5 -71.1115952
1555.6 -67.2737893
1555.7 -64.7205105
1555.8 -62.4697283
1555.9 -60.7230208
1556.0 -60.8821718
1556.1 -60.7732134
1556.2 -61.5484172
1556.3 -63.0460175
1556.4 -64.014794
1556.5 -66.0511712
1556.6 -69.6911791
1556.7 -68.6854419
1556.8 -69.4818317
1556.9 -67.5776294
1557.0 -67.589679
1557.1 -66.7726363
1557.2 -66.3200141
1557.3 -67.5563039
1557.4 -65.3679327
1557.5 -65.6996736
1557.6 -67.511298
1557.7 -66.8685056
1557.8 -64.8423464
1557.9 -65.5715682
1558.0 -65.888208
1558.1 -66.5782571
1558.2 -67.6801341
1558.3 -76.7964646
1558.4 -76.759292
1558.5 -68.5026343
1558.6 -64.5583833
1558.7 -60.8994321
1558.8 -58.3964054
1558.9 -57.3232123
1559.0 -56.2551843
1559.1 -54.6622086
1559.2 -54.5350615
1559.3 -54.0416848
1559.4 -54.1021485
1559.5 -54.726452
1559.6 -57.1139176
1559.7 -59.2937486
1559.8 -63.5870383
1559.9 -72.7619587
1560.0 -69.5636378
1560.1 -62.0240979
1560.2 -58.806177
1560.3 -57.8753417
1560.4 -56.5469914
1560.5 -55.6950135
1560.6 -55.0162717
1560.7 -54.6893979
1560.8 -55.1295974
1560.9 -54.48465
1561.0 -54.6008435
1561.1 -54.5651046
1561.2 -55.2896883
1561.3 -55.8813837
1561.4 -59.0478666
1561.5 -60.1830192
1561.6 -65.9626865
1561.7 -64.9063647
1561.8 -59.2330743
1561.9 -56.9329246
1562.0 -55.2601834
1562.1 -54.483839
1562.2 -53.7792414
1562.3 -54.0835223
1562.4 -55.079383
1562.5 -55.8837905
1562.6 -57.929332
1562.7 -59.1107183
1562.8 -61.433765
1562.9 -63.062506
1563.0 -65.2342423
1563.1 -67.1985434
1563.2 -66.5652009
1563.3 -61.8826229
1563.4 -61.0301011
1563.5 -58.9043208
1563.6 -60.6592873
1563.7 -60.0874546
1563.8 -63.620032
1563.9 -64.1858885
1564.0 -65.0358723
1564.1 -62.8644873
1564.2 -60.3058561
1564.3 -59.0470429
1564.4 -57.2799341
1564.5 -56.826832
1564.6 -55.6816795
1564.7 -56.2921507
1564.8 -55.032912
1564.9 -55.8115227
1565.0 -56.1259776
1565.1 -58.437788
1565.2 -63.0970429
1565.3 -73.3115193
1565.4 -62.9291374
1565.5 -57.662345
1565.6 -54.2956274
1565.7 -52.0392319
1565.8 -50.7224921
1565.9 -49.7894478
1566.0 -49.8674216
1566.1 -50.259146
1566.2 -51.014306
1566.3 -52.5055863
1566.4 -54.0541174
1566.5 -56.1486928
1566.6 -59.8448829
1566.7 -60.3704233
1566.8 -59.481978
1566.9 -56.9165419
1567.0 -52.4295473
1567.1 -50.0261192
1567.2 -47.5370466
1567.3 -45.6841211
1567.4 -43.7911969
1567.5 -42.4334066
1567.6 -40.7025354
1567.7 -39.1177626
1567.8 -37.5584097
1567.9 -36.2967066
1568.0 -35.1697278
1568.1 -34.3344111
1568.2 -33.6702883
1568.3 -33.6451514
1568.4 -34.1516827
1568.5 -34.7723352
1568.6 -35.9371706
1568.7 -37.6462587
1568.8 -39.2537544
1568.9 -41.4118138
1569.0 -44.1533084
1569.1 -46.8589186
1569.2 -50.1579698
1569.3 -53.9052173
1569.4 -58.5405319
1569.5 -62.5195972
1569.6 -64.1339229
1569.7 -63.4444587
1569.8 -58.7391282
1569.9 -57.5395478
1570.0 -54.1340022
