1510.0 -20.6418822
1510.12 -20.6150781
1510.24 -20.5078421
1510.36 -20.5902467
1510.48 -20.4367135
1510.6 -20.4443562
1510.72 -20.3228425
1510.84 -20.7277777
1510.96 -20.2382169
1511.08 -20.276852
1511.2 -20.3580617
1511.32 -20.2212141
1511.44 -20.0892881
1511.56 -20.0273232
1511.68 -19.9175915
1511.8 -19.8878287
1511.92 -19.8783928
1512.04 -19.9997179
1512.16 -19.8306547
1512.28 -20.0273355
1512.4 -19.8480569
1512.52 -19.8334944
1512.64 -19.9678274
1512.76 -19.7455062
1512.88 -19.7018937
1513.0 -19.6713448
1513.12 -19.5481427
1513.24 -19.4160824
1513.36 -19.34605
1513.48 -19.2516246
1513.6 -19.4866596
1513.72 -19.2077798
1513.84 -19.3533445
1513.96 -19.1350893
1514.08 -19.2412356
1514.2 -19.3331727
1514.32 -19.0094618
1514.44 -18.9667203
1514.56 -18.9951601
1514.68 -18.8638569
1514.8 -18.8496528
1514.92 -18.740057
1515.04 -18.7742443
1515.16 -18.7347311
1515.28 -18.6536129
1515.4 -18.6557711
1515.52 -18.6623916
1515.64 -18.6704493
1515.76 -18.5961913
1515.88 -18.6094727
1516.0 -18.6278119
1516.12 -18.4663254
1516.24 -18.399915
1516.36 -18.3528201
1516.48 -18.3792573
1516.6 -18.294186
1516.72 -18.1380175
1516.84 -18.1643654
1516.96 -18.0409341
1517.08 -18.2518042
1517.2 -18.15146
1517.32 -18.0338476
1517.44 -18.1268954
1517.56 -18.2004334
1517.68 -17.9544889
1517.8 -17.9769389
1517.92 -17.9474988
1518.04 -17.7407633
1518.16 -17.7552402
1518.28 -17.5932837
1518.4 -17.5497826
1518.52 -17.7026395
1518.64 -17.5979645
1518.76 -17.4786329
1518.88 -17.5120359
1519.0 -17.5673425
1519.12 -17.3887413
1519.24 -17.3478071
1519.36 -17.3442818
1519.48 -17.264031
1519.6 -17.2196481
1519.72 -17.2089798
1519.84 -17.2157418
1519.96 -17.2696109
1520.08 -17.2100291
1520.2 -17.1344202
1520.32 -17.250185
1520.44 -17.198902
1520.56 -17.1278616
1520.68 -17.3159345
1520.8 -17.0027257
1520.92 -16.9320321
1521.04 -16.9351348
1521.16 -16.9472008
1521.28 -16.8249933
1521.4 -16.7794633
1521.52 -16.8721582
1521.64 -16.7388978
1521.76 -16.6478761
1521.88 -16.6581494
1522.0 -16.5463054
1522.12 -16.5305024
1522.24 -16.4574908
1522.36 -16.5115268
1522.48 -16.6222974
1522.6 -16.5555435
1522.72 -16.3392576
1522.84 -16.4063152
1522.96 -16.4132593
1523.08 -16.3415549
1523.2 -16.2452817
1523.32 -16.294802
1523.44 -16.5634167
1523.56 -16.1645199
1523.68 -16.3080753
1523.8 -16.2381105
1523.92 -16.3471442
1524.04 -16.1005383
1524.16 -16.1608081
1524.28 -16.0258193
1524.4 -16.0155873
1524.52 -15.9055722
1524.64 -15.902062
1524.76 -15.8372605
1524.88 -15.83366
1525.0 -16.0152039
1525.12 -15.9395592
1525.24 -15.7411118
1525.36 -15.753927
1525.48 -15.7897994
1525.6 -15.7327601
1525.72 -15.6819459
1525.84 -15.742892
1525.96 -15.6169902
1526.08 -15.6158628
1526.2 -15.4970694
1526.32 -15.4653005
1526.44 -15.4753146
1526.56 -15.3713322
1526.68 -15.59195
1526.8 -15.4267661
1526.92 -15.3982023
1527.04 -15.4597832
1527.16 -15.3207848
1527.28 -15.3067657
1527.4 -15.2493427
1527.52 -15.2333269
1527.64 -15.3426863
1527.76 -15.1454142
1527.88 -15.0407492
1528.0 -15.1401743
1528.12 -15.2177379
1528.24 -15.1055686
1528.36 -15.1239562
1528.48 -15.0347312
1528.6 -15.1424259
1528.72 -14.9845376
1528.84 -14.9778498
1528.96 -15.0082104
1529.08 -14.9096095
1529.2 -14.9797068
1529.32 -14.9356979
1529.44 -14.8208097
1529.56 -14.8477427
1529.68 -14.7199553
1529.8 -14.779008
1529.92 -14.952875
1530.04 -14.6550314
1530.16 -14.5943579
1530.28 -14.6836775
1530.4 -14.6830395
1530.52 -14.5055443
1530.64 -14.6538995
1530.76 -14.5059859
1530.88 -14.5758749
1531.0 -14.4357695
1531.12 -14.499574
1531.24 -14.4905717
1531.36 -14.4670644
1531.48 -14.4458381
1531.6 -14.5411806
1531.72 -14.4800943
1531.84 -14.3368001
1531.96 -14.4010934
1532.08 -14.4690426
1532.2 -14.284092
1532.32 -14.2689464
1532.44 -14.0750353
1532.56 -14.1004683
1532.68 -14.0106926
1532.8 -14.0018199
1532.92 -14.3143755
1533.04 -14.0823506
1533.16 -14.1897279
1533.28 -14.065728
1533.4 -14.3380013
1533.52 -13.9505698
1533.64 -13.9827133
1533.76 -13.9854458
1533.88 -13.8479664
1534.0 -13.8786214
1534.12 -13.7067207
1534.24 -13.7093887
1534.36 -13.9062651
1534.48 -13.8225368
1534.6 -13.7189618
1534.72 -13.7251904
1534.84 -13.7617392
1534.96 -13.8097032
1535.08 -13.7262494
1535.2 -13.688825
1535.32 -13.7377879
1535.44 -13.6809695
1535.56 -13.5285371
1535.68 -13.5525334
1535.8 -13.5424744
1535.92 -13.4789952
1536.04 -13.397449
1536.16 -13.5764243
1536.28 -13.4996917
1536.4 -13.4380817
1536.52 -13.6020507
1536.64 -13.6173731
1536.76 -13.4005978
1536.88 -13.3352352
1537.0 -13.3852774
1537.12 -13.3915287
1537.24 -13.6712573
1537.36 -13.1997147
1537.48 -13.2624693
1537.6 -13.1182154
1537.72 -13.2824725
1537.84 -13.1526518
1537.96 -13.1059427
1538.08 -13.1087787
1538.2 -13.0722186
1538.32 -13.1646278
1538.44 -13.1047844
1538.56 -13.2357689
1538.68 -13.0499511
1538.8 -13.1570323
1538.92 -13.0074232
1539.04 -13.119377
1539.16 -13.0930109
1539.28 -13.1070734
1539.4 -13.0332258
1539.52 -13.0026429
1539.64 -13.2281292
1539.76 -13.3478876
1539.88 -13.1746663
1540.0 -13.3479411
1540.12 -12.9988381
1540.24 -13.4237973
1540.36 -12.9949138
1540.48 -12.996296
1540.6 -12.9601599
1540.72 -12.8382898
1540.84 -12.8517521
1540.96 -12.7520066
1541.08 -12.7950894
1541.2 -12.8237043
1541.32 -12.9256387
1541.44 -12.8949281
1541.56 -12.9386825
1541.68 -12.866742
1541.8 -12.6875247
1541.92 -12.8208907
1542.04 -12.8737997
1542.16 -12.7032547
1542.28 -12.8039379
1542.4 -12.6373953
1542.52 -12.7476287
1542.64 -12.6686022
1542.76 -12.8269446
1542.88 -12.8372048
1543.0 -12.7655604
1543.12 -12.8092881
1543.24 -12.7457033
1543.36 -12.7363501
1543.48 -12.7157492
1543.6 -12.9384961
1543.72 -12.7301681
1543.84 -12.6191024
1543.96 -12.6328798
1544.08 -12.7317622
1544.2 -12.622723
1544.32 -12.633993
1544.44 -12.757743
1544.56 -12.6839222
1544.68 -12.6221024
1544.8 -12.6604355
1544.92 -12.681256
1545.04 -12.9404397
1545.16 -12.6080244
1545.28 -12.9104118
1545.4 -12.6557173
1545.52 -12.5359613
1545.64 -13.0528748
1545.76 -12.5814892
1545.88 -12.9395868
1546.0 -12.5517907
1546.12 -12.5535349
1546.24 -12.589856
1546.36 -12.5189836
1546.48 -12.5858411
1546.6 -12.7602178
1546.72 -12.6218151
1546.84 -12.6476474
1546.96 -12.7443297
1547.08 -12.6288402
1547.2 -12.5817319
1547.32 -12.5044598
1547.44 -12.5977992
1547.56 -12.6275684
1547.68 -12.5993269
1547.8 -12.6565015
1547.92 -12.623046
1548.04 -12.9175252
1548.16 -12.6785802
1548.28 -12.7610839
1548.4 -12.6544082
1548.52 -12.8655686
1548.64 -12.6158924
1548.76 -12.6333602
1548.88 -12.7127079
1549.0 -12.6526145
1549.12 -12.5904738
1549.24 -12.5319289
1549.36 -12.5783793
1549.48 -12.5294701
1549.6 -12.5177447
1549.72 -12.6649767
1549.84 -12.5879232
1549.96 -12.7129133
1550.08 -12.5728191
1550.2 -12.5541975
1550.32 -12.58563
1550.44 -12.5910523
1550.56 -12.7597869
1550.68 -12.9330929
1550.8 -12.7850766
1550.92 -12.6656259
1551.04 -12.6221082
1551.16 -12.7051115
1551.28 -12.7049013
1551.4 -12.6326974
1551.52 -12.6229357
1551.64 -12.6473805
1551.76 -12.827784
1551.88 -12.6873826
1552.0 -12.6261614
1552.12 -12.5812965
1552.24 -12.5780779
1552.36 -12.5601863
1552.48 -12.567066
1552.6 -12.6147322
1552.72 -12.6339165
1552.84 -12.7025639
1552.96 -12.8570328
1553.08 -12.6256007
1553.2 -12.6854039
1553.32 -12.5986048
1553.44 -12.6797414
1553.56 -12.6805804
1553.68 -12.6723839
1553.8 -12.8145986
1553.92 -12.7934996
1554.04 -12.9949992
1554.16 -12.724285
1554.28 -12.6741263
1554.4 -12.9350204
1554.52 -12.7252851
1554.64 -12.8686649
1554.76 -12.9844793
1554.88 -12.7754914
1555.0 -12.9278568
1555.12 -12.7503532
1555.24 -12.7537337
1555.36 -12.6406496
1555.48 -12.6135326
1555.6 -12.6606001
1555.72 -12.6606001
1555.84 -12.9429046
1555.96 -12.7909765
1556.08 -12.6930355
1556.2 -12.8302366
1556.32 -12.7374009
1556.44 -12.9818187
1556.56 -13.0229348
1556.68 -12.789337
1556.8 -13.1908855
1556.92 -12.9103678
1557.04 -12.6715981
1557.16 -12.693586
1557.28 -12.7598918
1557.4 -12.6770688
1557.52 -12.6328051
1557.64 -12.7231806
1557.76 -12.8519213
1557.88 -12.8580931
1558.0 -12.8251791
1558.12 -12.8839256
1558.24 -12.8924048
1558.36 -12.7276109
1558.48 -12.9053692
1558.6 -12.8260481
1558.72 -12.7263103
1558.84 -12.8223049
1558.96 -12.7889316
1559.08 -12.8383181
1559.2 -13.0735258
1559.32 -13.0350299
1559.44 -12.8973699
1559.56 -12.9075794
1559.68 -12.9621572
1559.8 -12.9213594
1559.92 -12.9540839
1560.04 -13.0830068
1560.16 -12.9185426
1560.28 -12.859768
1560.4 -13.0238397
1560.52 -13.0210882
1560.64 -13.0340969
1560.76 -12.8674433
1560.88 -12.9640191
1561.0 -13.0945372
1561.12 -13.1084977
1561.24 -12.8990441
1561.36 -12.9556417
1561.48 -13.137857
1561.6 -13.0258656
1561.72 -12.9515237
1561.84 -12.9990783
1561.96 -13.0077854
1562.08 -13.2180755
1562.2 -13.0763947
1562.32 -13.0091359
1562.44 -13.0417045
1562.56 -13.0193566
1562.68 -13.0926364
1562.8 -13.0591577
1562.92 -13.0584645
1563.04 -13.3085651
1563.16 -13.0791942
1563.28 -13.2242455
1563.4 -13.1721719
1563.52 -13.4848403
1563.64 -13.0881554
1563.76 -13.1743549
1563.88 -13.22995
1564.0 -13.2099609
1564.12 -13.4062564
1564.24 -13.184153
1564.36 -13.295309
1564.48 -13.3062614
1564.6 -13.335021
1564.72 -13.2253203
1564.84 -13.30087
1564.96 -13.5691262
1565.08 -13.2619386
1565.2 -13.3291812
1565.32 -13.1937606
1565.44 -13.2003467
1565.56 -13.1868303
1565.68 -13.1944283
1565.8 -13.4142865
1565.92 -13.3568357
1566.04 -13.3553491
1566.16 -13.4332202
1566.28 -13.7586941
1566.4 -13.3000542
1566.52 -13.2606019
1566.64 -13.4264465
1566.76 -13.28832
1566.88 -13.3234793
1567.0 -13.3694549
1567.12 -13.3474692
1567.24 -13.3264828
1567.36 -13.4482644
1567.48 -13.4581052
1567.6 -13.4596094
1567.72 -13.5874808
1567.84 -13.5373362
1567.96 -13.4864357
1568.08 -13.6969961
1568.2 -13.5178353
1568.32 -13.5442426
1568.44 -13.6858235
1568.56 -13.5890569
1568.68 -13.5248117
1568.8 -13.4632845
1568.92 -13.5236584
1569.04 -13.8365025
1569.16 -13.6637522
1569.28 -13.607537
1569.4 -13.525365
1569.52 -13.7130448
1569.64 -13.5002486
1569.76 -13.7226956
1569.88 -13.7540642
1570.0 -13.5996917
1570.12 -13.7158209
1570.24 -13.7543943
1570.36 -13.6805832
1570.48 -13.7558383
1570.6 -13.6589244
1570.72 -13.7408738
1570.84 -13.7324599
1570.96 -13.9842785
1571.08 -13.7488697
1571.2 -13.9609631
1571.32 -13.8280771
1571.44 -13.8281729
1571.56 -13.7843048
1571.68 -13.8398253
1571.8 -14.0524304
1571.92 -13.7451949
1572.04 -13.8978441
1572.16 -13.9811333
1572.28 -13.7545334
1572.4 -13.9412653
1572.52 -14.0607346
1572.64 -13.8639158
1572.76 -13.8918406
1572.88 -13.8843782
1573.0 -14.0085482
1573.12 -13.8839182
1573.24 -14.2565565
1573.36 -13.9917844
1573.48 -13.9575981
1573.6 -14.0550202
1573.72 -14.0920577
1573.84 -13.9894692
1573.96 -14.089442
1574.08 -14.0109644
1574.2 -13.9976273
1574.32 -14.0344559
1574.44 -14.1216083
1574.56 -14.2092562
1574.68 -14.0273137
1574.8 -14.4669595
1574.92 -14.0690089
1575.04 -14.2251114
1575.16 -14.1774946
1575.28 -14.4202159
1575.4 -14.1715348
1575.52 -14.128727
1575.64 -14.1203724
1575.76 -14.0992696
1575.88 -14.3070914
1576.0 -14.3515699
1576.12 -14.2223471
1576.24 -14.4079643
1576.36 -14.1455131
1576.48 -14.346985
1576.6 -14.5242336
1576.72 -14.3141793
1576.84 -14.3807719
1576.96 -14.3911156
1577.08 -14.488213
1577.2 -14.4832798
1577.32 -14.3274056
1577.44 -14.37222
1577.56 -14.2548194
1577.68 -14.4064963
1577.8 -14.4100391
1577.92 -14.3696677
1578.04 -14.4095717
1578.16 -14.3839693
1578.28 -14.5808833
1578.4 -14.3657257
1578.52 -14.4133521
1578.64 -14.759231
1578.76 -14.536732
1578.88 -14.4951004
1579.0 -14.5535422
1579.12 -14.4310938
1579.24 -14.8847805
1579.36 -14.5214779
1579.48 -14.5593867
1579.6 -14.8071497
1579.72 -14.618028
1579.84 -14.9796778
1579.96 -14.7083537
1580.08 -14.7031034
1580.2 -14.6734044
1580.32 -14.7912541
1580.44 -14.6567331
1580.56 -14.6104372
1580.68 -14.7330892
1580.8 -14.7451276
1580.92 -15.3226224
1581.04 -14.6377043
1581.16 -14.7365537
1581.28 -14.6096353
1581.4 -14.7344182
1581.52 -14.7188443
1581.64 -14.9202119
1581.76 -14.928645
1581.88 -14.7974314
1582.0 -14.884593
1582.12 -15.1282553
1582.24 -14.8439686
1582.36 -14.7762556
1582.48 -15.1685648
1582.6 -14.9960986
1582.72 -15.0427502
1582.84 -14.8933255
1582.96 -14.9553313
1583.08 -15.0131183
1583.2 -15.0756883
1583.32 -15.2247572
1583.44 -15.1704472
1583.56 -15.0381513
1583.68 -15.0193324
1583.8 -14.991444
1583.92 -15.1848852
1584.04 -15.1496789
1584.16 -15.0098416
1584.28 -15.1931074
1584.4 -15.0277641
1584.52 -15.0481333
1584.64 -15.7042812
1584.76 -15.2689901
1584.88 -15.2458661
1585.0 -15.1096562
1585.12 -15.2005973
1585.24 -15.1871739
1585.36 -15.1716651
1585.48 -15.0909803
1585.6 -15.1926516
1585.72 -15.1538475
1585.84 -15.1911927
1585.96 -15.6942832
1586.08 -15.5115272
1586.2 -15.3180414
1586.32 -15.4179635
1586.44 -15.5131044
1586.56 -15.5007056
1586.68 -15.444363
1586.8 -15.3826048
1586.92 -15.4549363
1587.04 -15.2909147
1587.16 -15.2548708
1587.28 -15.360464
1587.4 -15.4162126
1587.52 -15.6870768
1587.64 -15.4780015
1587.76 -15.3194053
1587.88 -15.621166
1588.0 -15.389875
1588.12 -15.4948076
1588.24 -15.9028694
1588.36 -15.4281891
1588.48 -15.5121613
1588.6 -15.5826197
1588.72 -15.5352157
1588.84 -15.6110637
1588.96 -15.5619542
1589.08 -15.6067125
1589.2 -15.5406129
1589.32 -15.9410797
1589.44 -15.4467315
1589.56 -15.6372374
1589.68 -15.7175308
1589.8 -15.5537854
1589.92 -15.7153622
1590.04 -15.5525143
1590.16 -15.5649139
1590.28 -15.5936665
1590.4 -15.7208338
1590.52 -15.626503
1590.64 -15.4944848
1590.76 -15.6594029
1590.88 -15.5476445
1591.0 -15.6654797
1591.12 -15.6396671
1591.24 -15.6651225
1591.36 -15.8493528
1591.48 -15.6811657
1591.6 -15.755977
1591.72 -15.8697514
1591.84 -15.7587829
1591.96 -15.7485759
1592.08 -15.8604463
1592.2 -15.8564526
1592.32 -15.9912503
1592.44 -15.9328525
1592.56 -15.7744097
1592.68 -15.9198031
1592.8 -16.1694214
1592.92 -15.7779608
1593.04 -16.2954739
1593.16 -15.9074054
1593.28 -16.0131024
1593.4 -15.906841
1593.52 -15.9790299
1593.64 -15.742995
1593.76 -15.9255326
1593.88 -16.0620563
1594.0 -16.109161
1594.12 -15.8412283
1594.24 -15.8637539
1594.36 -16.059598
1594.48 -16.0010908
1594.6 -15.9088847
1594.72 -16.2313598
1594.84 -16.3296714
1594.96 -15.9764645
1595.08 -16.0749227
1595.2 -15.9465684
1595.32 -16.0464419
1595.44 -15.9152073
1595.56 -15.9803861
1595.68 -16.0157076
1595.8 -16.1292648
1595.92 -16.3488622
1596.04 -15.9345891
1596.16 -16.1507838
1596.28 -16.1256943
1596.4 -16.1618247
1596.52 -16.0848292
1596.64 -16.266012
1596.76 -16.3642208
1596.88 -16.2685528
1597.0 -16.3240971
1597.12 -16.1489875
1597.24 -16.1379409
1597.36 -16.6038008
1597.48 -16.0759901
1597.6 -16.1106747
1597.72 -16.1761804
1597.84 -16.3932664
1597.96 -16.1234733
1598.08 -16.6091655
1598.2 -16.5898439
1598.32 -16.2537587
1598.44 -16.6570837
1598.56 -16.46078
1598.68 -16.4507398
1598.8 -16.2562131
1598.92 -16.2294209
1599.04 -16.6351248
1599.16 -16.6384582
1599.28 -16.4437561
1599.4 -16.4524571
1599.52 -16.4632568
1599.64 -16.4465065
1599.76 -16.6233293
1599.88 -16.4927763
1600.0 -16.7038385
1600.12 -16.4888633
1600.24 -16.577172
1600.36 -16.6077279
1600.48 -16.6217543
1600.6 -16.6265311
1600.72 -16.6431779
1600.84 -16.5338832
1600.96 -17.1834808
1601.08 -16.6993601
1601.2 -17.0460162
1601.32 -16.940435
1601.44 -16.7435029
1601.56 -16.7317404
1601.68 -16.7736988
1601.8 -16.6788524
1601.92 -16.6628878
1602.04 -16.9043916
1602.16 -16.9979521
1602.28 -16.9995944
1602.4 -16.7911486
1602.52 -16.7636711
1602.64 -16.9404742
1602.76 -16.9393032
1602.88 -17.0853035
1603.0 -17.0990087
1603.12 -16.9679785
1603.24 -17.4569883
1603.36 -17.0404102
1603.48 -17.2232976
1603.6 -17.045935
1603.72 -17.1881187
1603.84 -17.1035695
1603.96 -17.1854085
1604.08 -17.423851
1604.2 -17.1012724
1604.32 -17.108389
1604.44 -17.3612046
1604.56 -17.2476326
1604.68 -17.2637796
1604.8 -17.9188222
1604.92 -17.2333464
1605.04 -17.553197
1605.16 -17.7101775
1605.28 -17.4982029
1605.4 -17.4361489
1605.52 -17.6299462
1605.64 -17.5579811
1605.76 -17.5424551
1605.88 -17.6302768
1606.0 -17.6105649
1606.12 -17.5052192
1606.24 -17.4635894
1606.36 -17.526733
1606.48 -17.4954545
1606.6 -17.7776688
1606.72 -17.9331136
1606.84 -17.9245963
1606.96 -17.5918754
1607.08 -17.9721933
1607.2 -17.801471
1607.32 -17.7148977
1607.44 -18.1222164
1607.56 -17.8448039
1607.68 -17.8590575
1607.8 -17.7686266
1607.92 -18.5045376
1608.04 -17.8777219
1608.16 -17.9174954
1608.28 -18.7854831
1608.4 -18.1036344
1608.52 -17.9605425
1608.64 -18.0099973
1608.76 -18.2110655
1608.88 -18.6646629
1609.0 -18.2125168
1609.12 -18.6218033
1609.24 -18.3621756
1609.36 -18.4933897
1609.48 -18.4130399
1609.6 -18.4194032
1609.72 -18.5852642
1609.84 -18.7996365
1609.96 -18.9997222
1610.08 -18.5932057
1610.2 -18.4864349
1610.32 -19.1058663
1610.44 -18.342094
1610.56 -18.9455989
1610.68 -19.1654821
1610.8 -18.6450148
1610.92 -18.7562144
1611.04 -18.6950959
1611.16 -19.1054577
1611.28 -18.7288453
1611.4 -18.5458412
1611.52 -18.8943627
1611.64 -19.0147574
1611.76 -19.2839942
1611.88 -18.8019295
1612.0 -19.3844279
1612.12 -18.9167782
1612.24 -19.0482485
1612.36 -19.0814783
1612.48 -19.3833508
1612.6 -19.0382836
1612.72 -18.9849676
1612.84 -19.6175112
1612.96 -19.3222755
1613.08 -19.394543
1613.2 -19.1364782
1613.32 -19.1126595
1613.44 -19.7228548
1613.56 -19.1946779
1613.68 -19.4011495
1613.8 -19.3832601
1613.92 -19.8045197
1614.04 -19.5125595
1614.16 -19.7734108
1614.28 -19.4994076
1614.4 -19.5879328
1614.52 -19.6910248
1614.64 -19.5774784
1614.76 -19.4485864
1614.88 -19.8572842
1615.0 -19.6378701
1615.12 -20.0114953
1615.24 -20.0194927
1615.36 -19.9196634
1615.48 -19.822315
1615.6 -19.5906277
1615.72 -19.8385794
1615.84 -19.9368537
1615.96 -19.7109672
1616.08 -19.9092585
1616.2 -20.4057658
1616.32 -19.9368957
1616.44 -19.7679583
1616.56 -20.0425296
1616.68 -20.6143888
1616.8 -20.0015807
1616.92 -20.4292185
1617.04 -20.1415099
1617.16 -19.9619728
1617.28 -20.2098195
1617.4 -20.2463187
1617.52 -20.3732712
1617.64 -20.389676
1617.76 -20.2721992
1617.88 -20.2355595
1618.0 -20.3420697
1618.12 -20.3571458
1618.24 -20.4837931
1618.36 -21.0793474
1618.48 -20.3729874
1618.6 -20.6461855
1618.72 -20.7183491
1618.84 -20.661484
1618.96 -20.4967068
1619.08 -20.4816285
1619.2 -20.3155738
1619.32 -20.3808708
1619.44 -20.9721984
1619.56 -20.7826908
1619.68 -20.9534322
1619.8 -20.7295617
1619.92 -20.8030244
1620.04 -20.7329478
1620.16 -20.6930241
1620.28 -20.8432586
1620.4 -21.1000831
1620.52 -20.7422443
1620.64 -20.768319
1620.76 -20.801702
1620.88 -20.9503801
1621.0 -20.8433551
1621.12 -20.9565759
1621.24 -21.2468126
1621.36 -21.176954
1621.48 -21.2791496
1621.6 -21.0761927
1621.72 -21.0899567
1621.84 -21.04546
1621.96 -21.3536176
1622.08 -21.6147719
1622.2 -21.3657731
1622.32 -21.1291502
1622.44 -21.2132853
1622.56 -21.1685802
1622.68 -21.6261472
1622.8 -21.4242078
1622.92 -21.4632977
1623.04 -21.3275328
1623.16 -21.7040906
1623.28 -21.3628911
1623.4 -21.8361083
1623.52 -21.5614164
1623.64 -21.7156756
1623.76 -21.5663912
1623.88 -21.7601935
1624.0 -21.5694196
1624.12 -21.7016242
1624.24 -21.6400095
1624.36 -22.0080921
1624.48 -22.0011421
1624.6 -22.0390174
1624.72 -21.7652374
1624.84 -22.1041963
1624.96 -21.8929855
1625.08 -21.796718
1625.2 -21.8224744
1625.32 -22.013535
1625.44 -22.1202317
1625.56 -22.2897612
1625.68 -21.9430748
1625.8 -22.3737429
1625.92 -22.0700592
1626.04 -22.1346906
1626.16 -22.1199218
1626.28 -22.0977976
1626.4 -22.2954238
1626.52 -22.3267289
1626.64 -22.2958104
1626.76 -22.2642647
1626.88 -22.4694067
1627.0 -22.7696731
1627.12 -22.7835754
1627.24 -22.4343791
1627.36 -22.6097244
1627.48 -22.9789865
1627.6 -22.6552769
1627.72 -22.6407424
1627.84 -22.8142871
1627.96 -22.8177498
1628.08 -22.6624149
1628.2 -22.8172165
1628.32 -22.7449432
1628.44 -22.9301913
1628.56 -23.1700218
1628.68 -23.0061812
1628.8 -22.8015483
1628.92 -23.1098083
1629.04 -22.9526679
1629.16 -23.2605889
1629.28 -22.9087653
1629.4 -23.0971689
1629.52 -23.3374004
1629.64 -23.1818245
1629.76 -23.3687846
1629.88 -23.7254766
1630.0 -23.5949107
