1501.0 -12.986436
1501.128 -12.9815472
1501.256 -12.9730832
1501.384 -12.9756541
1501.512 -12.9737316
1501.64 -12.9813848
1501.768 -12.9737316
1501.896 -12.9807169
1502.024 -12.9863276
1502.152 -12.9812586
1502.28 -12.97753
1502.408 -12.983985
1502.536 -12.9873216
1502.664 -12.9882857
1502.792 -12.9880928
1502.92 -12.9828593
1503.048 -12.9809581
1503.176 -12.9875807
1503.304 -12.9878337
1503.432 -12.9871951
1503.56 -12.9782638
1503.688 -12.9788711
1503.816 -12.9829137
1503.944 -12.9803505
1504.072 -12.9838107
1504.2 -12.9867011
1504.328 -12.983913
1504.456 -12.9777531
1504.584 -12.9789977
1504.712 -12.9832028
1504.84 -12.9851593
1504.968 -12.978198
1505.096 -12.974569
1505.224 -12.974437
1505.352 -12.9838049
1505.48 -12.9859845
1505.608 -12.9873036
1505.736 -12.9852137
1505.864 -12.9856412
1505.992 -12.9866952
1506.12 -12.9865626
1506.248 -12.9872314
1506.376 -12.9874543
1506.504 -12.986906
1506.632 -12.9870988
1506.76 -12.9849784
1506.888 -12.9847857
1507.016 -12.9872254
1507.144 -12.9866169
1507.272 -12.9788103
1507.4 -12.977313
1507.528 -12.9832385
1507.656 -12.9872856
1507.784 -12.9869723
1507.912 -12.9821851
1508.04 -12.9778126
1508.168 -12.9784618
1508.296 -12.9801519
1508.424 -12.9810542
1508.552 -12.9834975
1508.68 -12.9804164
1508.808 -12.9829196
1508.936 -12.9829196
1509.064 -12.9833894
1509.192 -12.9833292
1509.32 -12.9774524
1509.448 -12.977807
1509.576 -12.9844128
1509.704 -12.9829139
1509.832 -12.9779091
1509.96 -12.9772299
1510.088 -20.5827341
1510.216 -20.5351647
1510.344 -20.505855
1510.472 -20.411093
1510.6 -20.4378662
1510.728 -20.3087961
1510.856 -20.589887
1510.984 -20.2275316
1511.112 -20.2877645
1511.24 -20.4349229
1511.368 -20.1343917
1511.496 -20.046824
1511.624 -19.9525865
1511.752 -19.8773303
1511.88 -19.8863604
1512.008 -20.070821
1512.136 -19.7887157
1512.264 -19.9618396
1512.392 -19.8489415
1512.52 -19.8286972
1512.648 -19.9300271
1512.776 -19.743364
1512.904 -19.6981844
1513.032 -19.5641612
1513.16 -19.5085952
1513.288 -19.5045889
1513.416 -19.3013612
1513.544 -19.2130036
1513.672 -19.1740068
1513.8 -19.1728298
1513.928 -19.0947355
1514.056 -19.2655895
1514.184 -19.1455529
1514.312 -19.0547345
1514.44 -18.9798557
1514.568 -18.977787
1514.696 -18.9258569
1514.824 -18.8057224
1514.952 -18.8368549
1515.08 -18.7763398
1515.208 -18.7543566
1515.336 -18.6434116
1515.464 -18.6824568
1515.592 -18.5910971
1515.72 -18.6961236
1515.848 -18.6494449
1515.976 -18.6488981
1516.104 -18.6296041
1516.232 -18.4506466
1516.36 -18.4224598
1516.488 -18.4110808
1516.616 -18.4162863
1516.744 -18.1685995
1516.872 -18.0987059
1517.0 -18.0373005
1517.128 -18.2139925
1517.256 -18.0998262
1517.384 -18.0339092
1517.512 -18.1153244
1517.64 -18.1135908
1517.768 -18.3830572
1517.896 -18.0779546
1518.024 -17.784717
1518.152 -17.8306147
1518.28 -17.6260756
1518.408 -17.5981318
1518.536 -17.673949
1518.664 -17.5899675
1518.792 -17.5555519
1518.92 -17.5761396
1519.048 -17.8115179
1519.176 -17.4605103
1519.304 -17.4156585
1519.432 -17.4110093
1519.56 -17.3108309
1519.688 -17.2189088
1519.816 -17.3128147
1519.944 -17.2300354
1520.072 -17.1890985
1520.2 -17.1630973
1520.328 -17.2649266
1520.456 -17.1935658
1520.584 -17.133893
1520.712 -17.4384468
1520.84 -16.9897514
1520.968 -17.0514294
1521.096 -16.9869886
1521.224 -16.8661575
1521.352 -16.8505998
1521.48 -16.7961164
1521.608 -16.7428498
1521.736 -16.6862835
1521.864 -16.6590062
1521.992 -16.5932094
1522.12 -16.5630849
1522.248 -16.5008796
1522.376 -16.5425327
1522.504 -16.5887148
1522.632 -16.4601038
1522.76 -16.4553885
1522.888 -16.3569515
1523.016 -16.2779447
1523.144 -16.2596469
1523.272 -16.4674068
1523.4 -16.2981066
1523.528 -16.2908888
1523.656 -16.2570575
1523.784 -16.2938968
1523.912 -16.2779447
1524.04 -16.1450205
1524.168 -16.197026
1524.296 -16.0180652
1524.424 -15.9628309
1524.552 -15.9548063
1524.68 -15.9172893
1524.808 -15.8384891
1524.936 -15.838527
1525.064 -15.8874839
1525.192 -15.7821629
1525.32 -15.8060401
1525.448 -15.776625
1525.576 -15.8237095
1525.704 -15.6525696
1525.832 -15.7781938
1525.96 -15.6479796
1526.088 -15.6417215
1526.216 -15.5358399
1526.344 -15.4941611
1526.472 -15.4543978
1526.6 -15.3958152
1526.728 -15.4327106
1526.856 -15.4457055
1526.984 -15.3612564
1527.112 -15.3655896
1527.24 -15.4835835
1527.368 -15.3214085
1527.496 -15.2759996
1527.624 -15.3172293
1527.752 -15.1814725
1527.88 -15.0309328
1528.008 -15.1316016
1528.136 -15.1865956
1528.264 -15.1630936
1528.392 -15.0689865
1528.52 -15.1604423
1528.648 -15.0352787
1528.776 -15.0270855
1528.904 -14.9286426
1529.032 -14.9937269
1529.16 -14.9402648
1529.288 -14.8964223
1529.416 -14.7949035
1529.544 -15.0155806
1529.672 -14.6814721
1529.8 -14.7856274
1529.928 -14.8665995
1530.056 -14.60652
1530.184 -14.6756053
1530.312 -14.6786205
1530.44 -14.6229197
1530.568 -14.6244019
1530.696 -14.5286428
1530.824 -14.6298809
1530.952 -14.6292162
1531.08 -14.4991329
1531.208 -14.4797889
1531.336 -14.3998922
1531.464 -14.3400573
1531.592 -14.5238454
1531.72 -14.458737
1531.848 -14.3262913
1531.976 -14.4134246
1532.104 -14.4850012
1532.232 -14.1687283
1532.36 -14.4964475
1532.488 -14.3199739
1532.616 -14.1489362
1532.744 -14.0622734
1532.872 -14.0642168
1533.0 -14.0405091
1533.128 -13.9965556
1533.256 -13.9164969
1533.384 -14.2213093
1533.512 -13.971397
1533.64 -13.9546784
1533.768 -14.0058731
1533.896 -13.8895655
1534.024 -13.8465341
1534.152 -13.7096481
1534.28 -13.8021168
1534.408 -13.796115
1534.536 -13.9463622
1534.664 -13.7186004
1534.792 -13.7554585
1534.92 -13.7372547
1535.048 -13.7473921
1535.176 -13.6396733
1535.304 -13.7631102
1535.432 -13.6576704
1535.56 -13.5153595
1535.688 -13.6045132
1535.816 -13.6015621
1535.944 -13.4651075
1536.072 -13.585613
1536.2 -13.7719569
1536.328 -13.6955158
1536.456 -13.3978728
1536.584 -13.5621256
1536.712 -13.6387627
1536.84 -13.3151048
1536.968 -13.3716732
1537.096 -13.2793473
1537.224 -13.5570504
1537.352 -13.2701382
1537.48 -13.2592757
1537.608 -13.1311817
1537.736 -13.1144414
1537.864 -13.2977713
1537.992 -13.2848047
1538.12 -13.1003819
1538.248 -13.1006867
1538.376 -13.1807077
1538.504 -13.0631381
1538.632 -13.0842143
1538.76 -13.0904676
1538.888 -13.0220368
1539.016 -13.062382
1539.144 -13.1210279
1539.272 -13.0029394
1539.4 -13.0400198
1539.528 -12.9663652
1539.656 -13.3531581
1539.784 -13.1765391
1539.912 -13.25224
1540.04 -13.0068305
1540.168 -13.1344971
1540.296 -13.0199578
1540.424 -12.8721071
1540.552 -13.0289016
1540.68 -12.9167591
1540.808 -12.9385358
1540.936 -12.8045195
1541.064 -12.7574447
1541.192 -12.8577813
1541.32 -12.9217493
1541.448 -12.9378195
1541.576 -13.0491161
1541.704 -12.7475232
1541.832 -12.6686744
1541.96 -12.9775843
1542.088 -12.6913827
1542.216 -12.7855261
1542.344 -12.659566
1542.472 -12.6508742
1542.6 -12.6574214
1542.728 -12.8232006
1542.856 -12.8602391
1542.984 -12.7644146
1543.112 -12.8201892
1543.24 -12.7595541
1543.368 -12.710379
1543.496 -12.7264469
1543.624 -12.7052881
1543.752 -12.7632143
1543.88 -12.6884899
1544.008 -12.6856882
1544.136 -12.8550652
1544.264 -12.7930532
1544.392 -12.7347346
1544.52 -12.6794597
1544.648 -12.6645185
1544.776 -12.6464214
1544.904 -12.6606438
1545.032 -12.8760183
1545.16 -12.6123839
1545.288 -12.8694168
1545.416 -12.6706576
1545.544 -12.5870821
1545.672 -12.6781621
1545.8 -12.5984366
1545.928 -12.8293546
1546.056 -12.5170242
1546.184 -12.6558264
1546.312 -12.552459
1546.44 -12.5737013
1546.568 -12.7116413
1546.696 -12.6233809
1546.824 -12.5750164
1546.952 -12.6706766
1547.08 -12.6397415
1547.208 -12.6022664
1547.336 -12.5522747
1547.464 -12.5902862
1547.592 -12.6888654
1547.72 -12.5967419
1547.848 -12.6625483
1547.976 -12.7625573
1548.104 -12.682473
1548.232 -12.8429761
1548.36 -12.6684169
1548.488 -12.6569988
1548.616 -12.6228301
1548.744 -12.6493525
1548.872 -12.6925191
1549.0 -12.6575558
1549.128 -12.5729434
1549.256 -12.5180348
1549.384 -12.5983103
1549.512 -12.584349
1549.64 -12.5328827
1549.768 -12.6149109
1549.896 -12.6330258
1550.024 -12.5946026
1550.152 -12.6501087
1550.28 -12.5389562
1550.408 -12.5379717
1550.536 -13.1042424
1550.664 -12.7312527
1550.792 -12.8411625
1550.92 -12.6556714
1551.048 -12.6596995
1551.176 -12.6742058
1551.304 -12.7098411
1551.432 -12.7570934
1551.56 -12.8315394
1551.688 -12.9593302
1551.816 -12.6240879
1551.944 -12.6860911
1552.072 -12.84526
1552.2 -12.5710057
1552.328 -12.5346894
1552.456 -12.6133167
1552.584 -12.6279663
1552.712 -12.6251859
1552.84 -12.7153746
1552.968 -12.8002958
1553.096 -12.6684116
1553.224 -12.5920873
1553.352 -12.5778535
1553.48 -12.6021612
1553.608 -12.6130249
1553.736 -12.858326
1553.864 -12.8170143
1553.992 -12.8204119
1554.12 -12.6837059
1554.248 -12.7483057
1554.376 -12.7641807
1554.504 -12.7948152
1554.632 -12.8099663
1554.76 -12.9537595
1554.888 -12.7816445
1555.016 -12.9579145
1555.144 -12.60408
1555.272 -12.9088834
1555.4 -12.6975287
1555.528 -12.6540779
1555.656 -12.7832151
1555.784 -12.9172215
1555.912 -12.8861344
1556.04 -12.7199001
1556.168 -12.9880267
1556.296 -12.8541401
1556.424 -12.8747857
1556.552 -12.9756315
1556.68 -12.7881725
1556.808 -13.215118
1556.936 -12.8780403
1557.064 -12.7387189
1557.192 -12.6842553
1557.32 -12.6554622
1557.448 -12.6013785
1557.576 -12.6794645
1557.704 -12.697703
1557.832 -12.7776764
1557.96 -12.8012926
1558.088 -12.932375
1558.216 -13.0151703
1558.344 -12.8061885
1558.472 -12.8202937
1558.6 -12.7699444
1558.728 -12.7560014
1558.856 -12.7683887
1558.984 -12.8133759
1559.112 -12.876557
1559.24 -12.9481459
1559.368 -13.0119556
1559.496 -12.9822586
1559.624 -12.9971118
1559.752 -12.933339
1559.88 -12.942167
1560.008 -13.2187484
1560.136 -12.938205
1560.264 -12.8404582
1560.392 -13.0694879
1560.52 -12.9845888
1560.648 -12.9310864
1560.776 -12.9373119
1560.904 -12.9097913
1561.032 -13.165765
1561.16 -12.9342308
1561.288 -12.9687647
1561.416 -13.1759416
1561.544 -12.8652059
1561.672 -12.9784748
1561.8 -12.9770263
1561.928 -12.9685126
1562.056 -13.0825748
1562.184 -12.9911239
1562.312 -13.0206427
1562.44 -13.0275078
1562.568 -13.020837
1562.696 -13.1699081
1562.824 -13.1726628
1562.952 -13.0819837
1563.08 -13.1781319
1563.208 -13.1054936
1563.336 -13.0665346
1563.464 -13.2251718
1563.592 -13.1604888
1563.72 -13.3973951
1563.848 -13.1100222
1563.976 -13.2251211
1564.104 -13.217944
1564.232 -13.1920774
1564.36 -13.2804548
1564.488 -13.2045154
1564.616 -13.4451975
1564.744 -13.389004
1564.872 -13.2740959
1565.0 -13.1818168
1565.128 -13.3179311
1565.256 -13.2588587
1565.384 -13.2562832
1565.512 -13.4468983
1565.64 -13.3639486
1565.768 -13.2897873
1565.896 -13.7420467
1566.024 -13.2667052
1566.152 -13.5089656
1566.28 -13.727257
1566.408 -13.2762887
1566.536 -13.2372556
1566.664 -13.304531
1566.792 -13.1995731
1566.92 -13.4588121
1567.048 -13.3955439
1567.176 -13.3738778
1567.304 -13.3695727
1567.432 -13.5209569
1567.56 -13.6263271
1567.688 -13.6321063
1567.816 -13.5054455
1567.944 -13.5049176
1568.072 -13.7322244
1568.2 -13.5106526
1568.328 -13.5913992
1568.456 -13.7928349
1568.584 -13.4833989
1568.712 -13.5367036
1568.84 -13.4481902
1568.968 -13.5560937
1569.096 -13.4300563
1569.224 -13.6270546
1569.352 -13.4696703
1569.48 -13.5507537
1569.608 -13.5539843
1569.736 -13.6570617
1569.864 -13.7404428
1569.992 -13.600139
1570.12 -13.7128512
1570.248 -13.7611981
1570.376 -13.5862352
1570.504 -13.7325938
1570.632 -13.6073432
1570.76 -13.8337311
1570.888 -13.599407
1571.016 -13.7118362
1571.144 -13.922465
1571.272 -13.8903953
1571.4 -13.7796016
1571.528 -13.7492976
1571.656 -13.9329215
1571.784 -13.8698876
1571.912 -13.7275529
1572.04 -13.8976838
1572.168 -13.9051561
1572.296 -13.7510845
1572.424 -13.8724482
1572.552 -14.0316734
1572.68 -13.907474
1572.808 -13.852843
1572.936 -13.8573798
1573.064 -13.8595001
1573.192 -13.9023979
1573.32 -13.8333561
1573.448 -13.9808653
1573.576 -14.1457462
1573.704 -14.2261598
1573.832 -13.9717789
1573.96 -14.088395
1574.088 -14.0299768
1574.216 -14.0666338
1574.344 -14.1669931
1574.472 -14.0151151
1574.6 -14.0171992
1574.728 -14.0466768
1574.856 -14.0917249
1574.984 -14.1501425
1575.112 -14.1177073
1575.24 -14.2400735
1575.368 -14.0613933
1575.496 -14.1716658
1575.624 -14.0605877
1575.752 -14.1314536
1575.88 -14.3178833
1576.008 -14.2887714
1576.136 -14.2254889
1576.264 -14.2121753
1576.392 -14.2558857
1576.52 -14.5917453
1576.648 -14.2487545
1576.776 -14.2580455
1576.904 -14.2138665
1577.032 -14.2977171
1577.16 -14.2368549
1577.288 -14.4060619
1577.416 -14.2194111
1577.544 -14.3290774
1577.672 -14.3071113
1577.8 -14.3635112
1577.928 -14.4105741
1578.056 -14.3478561
1578.184 -14.5154359
1578.312 -14.7409024
1578.44 -14.7277458
1578.568 -14.4005871
1578.696 -14.5377327
1578.824 -14.4586978
1578.952 -14.8775589
1579.08 -14.6447377
1579.208 -14.8378137
1579.336 -14.4999868
1579.464 -14.5719661
1579.592 -14.7970739
1579.72 -14.5972417
1579.848 -15.0291373
1579.976 -14.6055952
1580.104 -15.1539243
1580.232 -14.5688227
1580.36 -15.0966529
1580.488 -14.6252007
1580.616 -14.6201866
1580.744 -14.73828
1580.872 -15.0342586
1581.0 -14.6250695
1581.128 -14.5788291
1581.256 -14.641225
1581.384 -14.7574739
1581.512 -14.6929654
1581.64 -14.8941479
1581.768 -14.9874583
1581.896 -14.8454071
1582.024 -15.0784604
1582.152 -14.7161966
1582.28 -14.7397329
1582.408 -14.8114649
1582.536 -14.986652
1582.664 -14.929717
1582.792 -14.9169435
1582.92 -15.1002528
1583.048 -14.9550688
1583.176 -15.0103176
1583.304 -14.9219941
1583.432 -15.160789
1583.56 -14.9957984
1583.688 -15.0076151
1583.816 -14.9939968
1583.944 -15.1676507
1584.072 -15.1320574
1584.2 -15.0847185
1584.328 -14.986254
1584.456 -15.1294243
1584.584 -15.8508966
1584.712 -15.3182115
1584.84 -15.5354401
1584.968 -15.1725431
1585.096 -15.2071995
1585.224 -15.0428054
1585.352 -15.1277823
1585.48 -15.0803827
1585.608 -15.2256679
1585.736 -15.27023
1585.864 -15.2821311
1585.992 -15.2409382
1586.12 -15.2018178
1586.248 -15.2645149
1586.376 -15.1669645
1586.504 -15.2086007
1586.632 -15.3047994
1586.76 -15.3524349
1586.888 -15.2392193
1587.016 -15.39732
1587.144 -15.2523813
1587.272 -15.3214261
1587.4 -15.3280314
1587.528 -15.7300083
1587.656 -15.534004
1587.784 -15.2498912
1587.912 -15.5477042
1588.04 -15.3483577
1588.168 -15.5097482
1588.296 -15.8406865
1588.424 -15.4490998
1588.552 -15.4513586
1588.68 -15.4170786
1588.808 -15.5793383
1588.936 -15.6234087
1589.064 -15.6502765
1589.192 -15.5112839
1589.32 -15.8634435
1589.448 -15.4313171
1589.576 -15.4918009
1589.704 -15.4399434
1589.832 -15.4077258
1589.96 -15.7020878
1590.088 -15.69918
1590.216 -15.5960897
1590.344 -15.5185035
1590.472 -15.6195026
1590.6 -15.6363152
1590.728 -15.5429064
1590.856 -15.5542548
1590.984 -15.5897294
1591.112 -15.6176702
1591.24 -15.6352021
1591.368 -15.8304643
1591.496 -15.8792684
1591.624 -15.7012503
1591.752 -15.6209624
1591.88 -15.789002
1592.008 -15.8558515
1592.136 -15.738764
1592.264 -15.8394992
1592.392 -15.9306504
1592.52 -15.7409818
1592.648 -15.7035321
1592.776 -16.2948986
1592.904 -15.7964034
1593.032 -16.1860215
1593.16 -15.8683818
1593.288 -15.9761132
1593.416 -15.8423752
1593.544 -15.8423752
1593.672 -15.8379814
1593.8 -15.8744885
1593.928 -15.9317959
1594.056 -15.945419
1594.184 -15.8493427
1594.312 -15.9775773
1594.44 -16.0857999
1594.568 -16.0455792
1594.696 -16.2054361
1594.824 -16.235759
1594.952 -15.9683759
1595.08 -16.0512784
1595.208 -15.9098759
1595.336 -15.9684972
1595.464 -15.9144507
1595.592 -15.9220606
1595.72 -15.9430275
1595.848 -15.922742
1595.976 -16.0054976
1596.104 -15.9437187
1596.232 -15.962724
1596.36 -16.2308427
1596.488 -16.0297901
1596.616 -16.3235588
1596.744 -16.4569574
1596.872 -16.2267246
1597.0 -16.3245526
1597.128 -16.1654256
1597.256 -16.1461939
1597.384 -16.2136242
1597.512 -16.1396588
1597.64 -16.1238702
1597.768 -16.2782828
1597.896 -16.2696941
1598.024 -16.2030663
1598.152 -16.5136723
1598.28 -16.5808519
1598.408 -16.3791948
1598.536 -16.2572827
1598.664 -16.3343843
1598.792 -16.4917069
1598.92 -16.2389427
1599.048 -16.4194877
1599.176 -16.4157449
1599.304 -16.6060343
1599.432 -16.3908043
1599.56 -16.5086893
1599.688 -16.4924657
1599.816 -16.7259207
1599.944 -16.6601306
1600.072 -16.6510328
1600.2 -16.7547054
1600.328 -16.894274
1600.456 -17.0424827
1600.584 -16.6074893
1600.712 -16.7761679
1600.84 -16.5428517
1600.968 -17.0752998
1601.096 -16.6534192
1601.224 -16.74109
1601.352 -16.6963961
1601.48 -16.8489054
1601.608 -16.7122759
1601.736 -16.8637304
1601.864 -16.6597018
1601.992 -16.8339211
1602.12 -16.9323369
1602.248 -17.076334
1602.376 -16.9210543
1602.504 -16.7118339
1602.632 -16.9193592
1602.76 -16.9900199
1602.888 -17.1058353
1603.016 -17.3267298
1603.144 -17.0873601
1603.272 -17.1471893
1603.4 -17.0838496
1603.528 -17.0999591
1603.656 -16.9717941
1603.784 -17.2171667
1603.912 -17.1452238
1604.04 -17.2359539
1604.168 -17.501704
1604.296 -17.0826565
1604.424 -17.4559239
1604.552 -17.2900047
1604.68 -17.3286455
1604.808 -17.7558875
1604.936 -17.4289438
1605.064 -17.5426379
1605.192 -17.4848328
1605.32 -17.6744347
1605.448 -17.4928504
1605.576 -17.4998372
1605.704 -17.4811695
1605.832 -17.7425576
1605.96 -17.586098
1606.088 -17.8804
1606.216 -17.6416981
1606.344 -17.5574106
1606.472 -17.5585151
1606.6 -17.831542
1606.728 -17.8512544
1606.856 -17.8952493
1606.984 -17.703984
1607.112 -17.7661202
1607.24 -17.8707962
1607.368 -17.8147208
1607.496 -17.8949632
1607.624 -17.7785413
1607.752 -17.8159402
1607.88 -18.2275084
1608.008 -18.0257664
1608.136 -18.2117075
1608.264 -18.5724621
1608.392 -18.1184927
1608.52 -17.9608793
1608.648 -18.3178854
1608.776 -18.2615244
1608.904 -18.4633492
1609.032 -18.5570337
1609.16 -18.475563
1609.288 -18.2606005
1609.416 -18.7647064
1609.544 -18.9700785
1609.672 -18.4843385
1609.8 -18.6278436
1609.928 -18.1913762
1610.056 -19.0696251
1610.184 -18.3454535
1610.312 -19.2226849
1610.44 -18.3851995
1610.568 -18.7969083
1610.696 -18.8090906
1610.824 -19.2029993
1610.952 -19.2753249
1611.08 -18.8219388
1611.208 -18.8429842
1611.336 -18.7195609
1611.464 -18.8689381
1611.592 -18.811285
1611.72 -19.0662027
1611.848 -19.118998
1611.976 -19.1602754
1612.104 -19.2626652
1612.232 -19.0153511
1612.36 -19.1085742
1612.488 -19.2577222
1612.616 -19.3273943
1612.744 -18.9608149
1612.872 -18.9879609
1613.0 -19.1533828
1613.128 -19.3477765
1613.256 -19.419596
1613.384 -19.428373
1613.512 -19.8242489
1613.64 -19.2239235
1613.768 -19.5802027
1613.896 -19.5894518
1614.024 -19.3614308
1614.152 -19.8201985
1614.28 -19.5270298
1614.408 -19.7506641
1614.536 -19.5694925
1614.664 -20.4992865
1614.792 -19.5042484
1614.92 -19.715044
1615.048 -19.5606212
1615.176 -19.8980188
1615.304 -19.888465
1615.432 -19.5114225
1615.56 -19.8752826
1615.688 -19.6327125
1615.816 -20.4626268
1615.944 -19.7977652
1616.072 -19.709252
1616.2 -19.8294377
1616.328 -19.8023726
1616.456 -19.8966244
1616.584 -19.940745
1616.712 -20.0541689
1616.84 -19.9573462
1616.968 -19.9479749
1617.096 -20.1426639
1617.224 -21.0706152
1617.352 -20.1630955
1617.48 -20.2605262
1617.608 -20.624674
1617.736 -20.3255483
1617.864 -20.8923322
1617.992 -20.3681246
1618.12 -20.3966599
1618.248 -20.3743344
1618.376 -20.777947
1618.504 -20.225861
1618.632 -20.4595886
1618.76 -20.5404509
1618.888 -20.6903651
1619.016 -20.4451771
1619.144 -20.724554
1619.272 -20.3520789
1619.4 -21.0678733
1619.528 -20.6803689
1619.656 -20.8669056
1619.784 -21.0850665
1619.912 -20.6918611
1620.04 -20.7197109
1620.168 -20.5879138
1620.296 -21.0915842
1620.424 -21.0393511
1620.552 -20.7785381
1620.68 -20.9640607
1620.808 -20.9683254
1620.936 -20.975276
1621.064 -20.924704
1621.192 -21.0393676
1621.32 -21.0106476
1621.448 -21.0129725
1621.576 -21.5830905
1621.704 -21.0185109
1621.832 -21.0681549
1621.96 -21.294766
1622.088 -21.2765244
1622.216 -21.3545581
1622.344 -21.1098596
1622.472 -21.3377462
1622.6 -21.1586959
1622.728 -21.241522
1622.856 -21.721087
1622.984 -21.3131497
1623.112 -21.3114521
1623.24 -21.4021812
1623.368 -21.3526868
1623.496 -21.7302346
1623.624 -21.530114
1623.752 -21.5928343
1623.88 -21.4945199
1624.008 -21.792865
1624.136 -21.6799896
1624.264 -21.6980431
1624.392 -21.6359378
1624.52 -21.8004613
1624.648 -21.6753687
1624.776 -21.8861797
1624.904 -21.9295679
1625.032 -21.8083136
1625.16 -21.7826686
1625.288 -21.8564095
1625.416 -21.8830933
1625.544 -22.1267113
1625.672 -21.9893251
1625.8 -22.1169452
1625.928 -22.0449567
1626.056 -22.0852465
1626.184 -22.3185055
1626.312 -22.1728303
1626.44 -22.259485
1626.568 -22.5262867
1626.696 -22.6359229
1626.824 -22.3117909
1626.952 -22.4521547
1627.08 -22.4295986
1627.208 -22.4593265
1627.336 -22.2193763
1627.464 -22.5474747
1627.592 -22.6299243
1627.72 -22.6691449
1627.848 -22.6285921
1627.976 -22.6515875
1628.104 -22.7079883
1628.232 -22.6404307
1628.36 -22.8710225
1628.488 -22.7680783
1628.616 -23.4530122
1628.744 -22.8087903
1628.872 -22.9894054
1629.0 -23.4410309
